001127
015050
013559
009068
001498
007591
011244
015386
008856
017490
017557
010861
009245
000117
017103
016539
013256
004729
013420
016855
000013
010667
003024
000895
009256
014922
008931
007904
007011
004766
002080
004101
018199
013928
001545
010563
001757
006092
001661
004014
002722
012774
004145
015040
003871
010376
005705
012209
017007
014332
013575
017428
010296
001488
002065
002465
004373
004760
014360
010980
009415
013112
007235
000693
007007
001981
013194
000486
013829
006023
014074
009650
016518
001787
009892
008901
014598
001345
011090
017165
004929
010580
015319
011273
004926
006122
001621
009705
017091
010940
017558
002935
004266
013120
010884
007952
006824
015799
005175
011981
009302
001146
011439
018138
000032
017579
001813
015813
013846
013482
016239
003736
002133
004006
010938
015196
016070
001940
011384
002151
016212
018245
001198
016892
003715
013498
016828
010051
010652
004442
015203
010574
002599
018616
005502
013092
015572
009164
001505
016643
012939
015871
003313
010494
005050
005232
012269
007369
013080
002992
004363
014371
015383
014564
012171
005402
003013
017910
006257
007418
008269
007681
008459
018572
002670
015346
003120
002710
017521
017373
004227
012925
001999
017218
016337
001426
013164
005291
010541
005764
008840
017334
016250
006687
012904
008816
011463
006616
016078
003233
006250
000899
012595
014660
012305
010939
017042
006420
012628
008185
001004
016510
004174
003522
005042
008539
011404
005156
009524
004968
001847
012199
005389
016759
015853
011395
002978
003547
008651
012950
008719
008852
002050
011769
003529
011658
014557
016398
015329
007543
003945
000062
007333
012099
015251
010599
009518
008439
015388
016191
006825
008486
009029
011073
017967
000671
007472
016081
012258
000890
011024
008480
002279
002954
014445
014078
013979
010587
011850
004904
010124
010209
009246
003107
004783
015897
008574
009793
007118
015761
000444
014129
013125
006212
011449
009773
002107
006924
007547
003647
009193
001466
012483
003210
007033
016141
015054
001279
011417
003427
014420
011376
004232
008420
003732
011584
004818
004161
008078
010012
017732
004129
016310
011289
001373
008903
013127
005973
011303
000743
002647
003861
016039
017257
018216
011553
005748
015729
012937
001049
015866
004546
008034
017511
005820
005015
007016
004399
000435
008469
004229
011807
014454
013151
008380
005588
000514
012147
007161
016952
004408
015503
013996
016677
016608
009662
001955
014405
015004
005159
003980
010404
011686
016895
003711
009005
012489
005493
014710
017728
013621
010004
000411
015549
011774
003849
011536
018344
000415
016086
006185
016122
016830
006635
009627
005879
013779
017639
012823
015032
007629
010082
012767
012116
008284
005541
016875
015092
015351
007743
001739
007526
015254
007133
000597
004038
015717
004427
014498
002027
016682
014243
010848
006249
009643
017318
008707
012367
003913
012960
004916
014085
002061
000305
017866
012049
010216
002542
013382
015912
012676
004049
005030
015917
011295
012760
013237
005689
010593
004826
017720
005066
000773
015098
008536
007768
014392
006208
001238
002834
012077
006793
015808
001163
011822
009799
007989
012052
016169
006791
002650
007617
003028
014805
013380
017870
000048
009979
004754
007739
006136
002576
003784
011257
014998
014471
003228
014523
007677
003150
018256
013302
010244
011441
006470
007592
012682
009493
008939
005994
011878
008158
018191
005242
001099
017293
001555
014674
012506
012289
013965
016810
018281
016163
017138
008194
008310
000630
004768
006594
009924
010085
011612
001550
010653
006475
001665
009666
004157
007923
016996
017241
008103
006842
007760
003817
005264
016646
003457
015539
000457
009109
005298
016554
008028
015861
011633
012442
006601
012234
008285
005856
007958
013834
004293
006597
006218
015817
003166
014528
011291
002246
004844
011915
014374
008063
016556
002371
000794
010869
009036
004124
007358
016769
004682
005041
006201
016259
017599
008683
014891
012726
004130
009107
016148
013943
008836
010641
009604
012317
003345
004205
016024
018033
009375
009300
009963
007108
001782
002984
011231
001812
010678
000567
016079
009473
007131
012173
018387
002233
005180
011360
013445
010900
018594
001835
017524
010982
015702
015073
003890
006433
010981
017388
009203
000304
009470
009606
000688
003327
005936
002625
002182
016334
001960
005640
012941
018076
011465
014072
000222
012698
008391
010121
011928
017002
009723
000042
004890
005558
004628
000944
013854
006960
012776
003682
013215
003103
009339
003718
016930
014413
013025
013970
007269
013106
006696
015144
018620
014372
012639
009950
008508
013199
014223
010066
003071
018019
000855
015886
010945
015666
017792
002145
000470
008150
009379
003209
013222
010279
000696
004946
010037
016534
015882
003904
001139
013789
000166
000453
012709
015114
000833
018457
016422
011789
010105
008500
008919
018007
011546
017271
001978
002652
008114
010520
013737
003460
006483
005527
006502
017186
016603
005606
015700
010504
016450
000334
011827
001168
013891
005995
012422
004596
000243
004556
001656
000246
014472
005331
002725
005172
007546
016705
001982
010936
011298
010735
017692
010633
006100
008975
005686
003675
016596
012816
012985
015617
003291
003170
016745
007610
003396
005216
013680
007795
016605
001554
012007
008558
013388
016757
011690
004743
011188
006817
002256
016027
008581
011150
002790
013697
002097
009807
002033
004969
018220
014236
007512
003226
002343
010265
012467
006886
015624
014790
001451
003808
000634
008233
013179
005338
000553
018089
016636
009356
010618
015284
015195
017936
005133
007851
017588
000265
007573
002591
015883
015307
018021
002380
000454
011974
007360
008262
014677
002068
008328
018548
013010
018062
012547
007079
008673
000972
004624
008847
001421
004159
015530
008274
013707
000163
005138
009537
008563
009859
001102
000674
017289
014121
010610
003950
004117
017044
005862
002612
013569
002991
017242
016529
004674
008468
011232
003239
000390
012819
015520
002730
003450
017352
008133
007759
006680
000203
010594
008509
009461
008698
005284
009059
017844
006256
013373
010547
003973
015622
000025
015272
007485
003614
010055
002865
005427
008151
014259
002824
016324
014656
017432
000498
007726
000554
012524
006822
014463
013778
002966
014099
009416
016240
007628
007633
001144
014357
002653
010034
010890
006181
015283
017473
004927
015658
007258
005504
001229
013893
014563
014715
018105
014288
004138
013218
005532
007860
011035
017903
018473
005193
006440
005790
013738
014815
006061
016235
016277
007049
018031
004483
017918
011083
011668
013514
013087
014013
013347
015472
008080
013607
011413
012534
017310
001870
009812
009911
010786
016833
008741
000829
017250
007864
001810
004845
002631
006129
001432
005631
014407
005132
007621
014494
003685
011823
016984
005828
001419
018562
015849
017288
000417
005605
000204
018310
000536
006729
016473
015245
008968
003761
005113
006275
013973
010474
017858
017764
006998
003905
007627
013547
002176
002976
016464
004154
016097
004821
013467
000819
018582
003778
015535
014695
002149
002546
017719
003217
013899
005799
009526
005276
007749
008062
013192
016030
014103
003162
008686
002544
000030
003326
013578
007175
003342
016701
016887
016118
015695
014052
004338
015137
010119
001886
015592
007470
016200
000347
017619
010522
004472
010689
007657
011610
009983
009996
002424
010423
015809
018369
012250
005589
000698
001406
006476
014143
010560
011403
000116
017402
002143
001101
017208
003464
007959
018456
015614
016837
018124
003644
004382
006828
006667
017696
005511
008023
005964
003944
001516
005225
007557
018037
013759
012334
009378
012706
001243
015214
012842
016586
018377
002731
004027
003716
007919
002416
017083
006392
004857
004819
009968
005205
013190
017440
017048
013210
013185
001539
011977
014156
016740
013662
010169
018492
007317
009878
007524
012090
007066
017441
018223
007911
000848
009828
002885
009382
016192
006416
006963
013304
005092
010785
011762
000856
007572
014538
005081
000942
013197
018601
010622
012094
012277
017805
000412
011721
002466
000581
004233
005417
016221
003023
015899
015070
006833
014189
017452
014404
002567
008610
002232
005682
008692
010767
004850
007316
012532
015978
007415
004787
009323
016758
010366
016236
003022
006077
007190
000394
009113
001077
006591
008612
016241
002477
009669
016139
006855
018186
007939
000836
012769
015903
001602
015581
017284
016046
012496
002321
007620
012795
001387
003819
009362
001119
007409
002444
012119
000657
003453
013397
015977
002415
012961
018329
014796
002433
002024
013820
009532
010502
014959
011092
014504
015647
007305
006367
017943
008553
017453
014465
011337
010151
016825
010788
005795
010925
007809
013594
012964
001161
004581
010657
010549
014462
011869
004180
005560
012111
000096
002389
001304
015664
018343
009431
004737
008272
003707
002493
013579
016796
011984
001339
010658
009562
008110
017140
017032
004405
001441
003053
007863
008052
011065
007440
015713
011348
014474
011448
011322
008201
003141
010608
008299
013463
006518
014676
001660
001291
006171
013440
007605
003771
008607
015142
000294
000646
012582
003479
007223
018603
003357
015014
007626
005925
000071
009236
002069
009693
015918
002332
003652
008319
006615
004170
003722
016564
014570
016690
004358
007061
005630
009753
014593
005382
011749
014459
000008
005055
018159
006050
018345
018454
007897
002135
004146
011557
016898
001247
008271
003546
001031
003376
000158
016311
012947
012203
012217
018584
000314
004569
008177
018194
004367
017975
005037
000140
006965
013362
003302
010241
013588
005978
002331
010819
001692
015321
003878
008020
012312
004008
006176
014230
005367
005927
000868
001376
010565
005227
000615
008075
013398
010002
011620
008538
017277
014065
018559
006538
015665
001594
017189
018324
008031
012641
000133
008696
013845
007085
005345
013326
011115
018357
006590
017092
004544
002505
011422
012320
001907
006611
012028
007577
005023
000421
010326
009724
008592
005271
006289
014892
014056
006037
002975
009150
009353
006807
003976
001679
011200
012348
017887
007710
018316
015616
011080
017835
003627
017323
006921
009854
017228
002160
013128
017566
008515
014148
004067
017601
010299
011300
011323
016359
005892
003484
008866
015179
010449
014911
015714
016100
008888
014430
018032
015180
010460
011460
007530
010075
017420
001629
017708
006844
000851
007189
012716
013146
014640
013196
001338
005218
011571
009913
005094
016211
013777
013099
011583
018142
016508
015920
001066
017338
002497
003972
007910
001896
008661
009577
014909
017695
004121
002958
002184
013221
001748
001381
005013
012864
001476
002716
018339
001884
007215
006691
000611
000699
011101
007607
011411
006302
006277
011153
011181
005422
005186
002384
008697
004626
002043
001230
017661
008626
013439
003712
000093
010583
007733
007671
004951
010693
008465
008605
001195
000654
000069
015450
012718
004061
014895
014395
004290
016175
006269
015945
000767
000809
009629
015526
000548
004263
012433
000232
006612
005127
011309
003846
013627
007742
014329
005371
002327
013275
001795
000729
013995
006816
007056
008405
010250
011377
013915
016882
009440
016970
009232
008658
000827
017570
006968
011677
004750
008012
001601
010601
011595
006753
009508
016841
001322
014164
004952
017896
005821
005206
001460
008470
017803
005918
010125
005292
010849
000637
002324
003142
003388
000924
016948
015055
011032
006461
005536
013533
005183
009674
010225
010760
011665
000007
000088
001293
009279
015708
018447
011792
010818
003140
002577
001023
014712
007755
014792
006458
006955
011140
009504
008564
017922
009957
005675
000312
007645
010661
016717
011108
004612
015087
006312
015381
012068
009903
003906
003620
001491
009875
003559
017110
004199
002456
001714
007744
004334
011166
002517
005446
003511
011481
004702
013519
005187
002822
011935
014438
010779
016657
007046
015081
011712
000997
014834
004295
007245
012283
016938
014345
017902
018075
004622
002417
007687
003377
006349
017174
013152
001035
010972
013351
008763
011622
013919
013400
005397
012025
004019
014918
017707
011494
004183
005858
015591
009765
006053
002627
014450
015023
011125
003734
011471
018522
002410
002755
005426
008208
003030
005134
013990
002425
007270
017555
006567
004346
016289
008249
008978
013287
005428
008226
008152
017030
005905
016785
013255
007678
009755
011638
015576
016238
009658
002356
000787
016849
008969
003475
001399
013229
010394
003182
009124
013350
011233
007976
000300
004567
011738
005354
016165
016618
017828
014146
016498
010959
002912
010628
012385
014460
004463
002712
012145
016623
008724
004523
016456
017945
016541
008606
015854
010839
018346
010451
016053
011592
013983
006637
004758
008758
017969
017839
001277
000183
017539
008821
003224
003767
013252
011948
001070
001616
014617
006484
004765
013009
009442
000309
016197
005729
014738
005178
003773
017272
014801
002278
017810
005487
017474
016661
010944
011134
009709
013122
014458
017346
011670
017038
005734
009058
007582
013696
015677
017456
011764
005169
007174
008957
009987
001098
008347
014443
009140
015824
000697
013085
010994
017411
016712
001454
006083
012590
011277
002368
005895
007613
015403
007943
014720
003730
016492
016808
004004
002598
008321
016738
009727
016619
002862
012255
003981
010236
000686
000681
005745
013000
013153
003791
011889
016692
008140
017783
017377
001970
001846
017210
015003
003065
006883
018011
012522
014000
013863
006384
018591
008793
016066
001363
012194
017832
004193
006563
004728
011177
001655
005515
009970
002311
010011
015597
012097
010863
008818
008432
008061
009675
001827
000191
016831
011983
018470
012443
007461
013276
000813
005755
016480
005173
013116
010352
010129
008379
004838
003828
009540
011540
006242
007429
003666
018488
015045
018043
008809
009500
007625
007865
004044
015688
009816
012242
003202
010984
006933
012585
000806
017315
018282
017612
003184
009071
018419
017921
018265
004051
008595
017102
015414
018462
012841
011094
000594
003820
001821
014881
003542
003047
003348
000617
010263
009509
005209
012872
013987
012102
015884
013771
005928
001311
007981
009098
008334
010274
017433
015365
018579
012121
011777
001203
015192
001728
004613
012241
000689
018088
007176
006633
005410
015982
018359
012914
016109
017017
006133
007166
011089
011000
003500
000904
002913
014111
008296
006245
008524
013573
016900
006657
001483
000380
012891
012426
011785
009529
011528
015517
014831
001271
002528
007762
012669
013704
007548
009899
016753
014588
010951
006719
007117
015161
000546
013168
013571
001903
009700
008912
007115
002490
008863
004525
005756
001905
009348
005563
016223
008473
003857
002303
010703
013715
008130
016764
007030
005885
004914
002320
011695
016075
007029
010433
017121
006161
007136
009923
014932
001411
014771
004391
003372
013860
005125
004855
012053
010363
012429
009817
011834
013867
005996
002245
010488
014701
005057
010950
004209
003782
013105
013027
006307
001726
000716
009586
016254
016568
000822
012233
001732
000213
000824
002679
008457
010141
011123
009570
014976
013365
002749
009766
018378
001735
003040
003087
009576
015901
017307
007227
002965
003737
002909
009711
013049
010424
009410
005059
012043
004384
013098
010781
004731
014926
015334
014172
015598
016720
015166
015097
016155
005207
018024
011825
011425
001116
001528
002432
014316
005553
000751
010738
013254
008725
014784
015999
015900
009368
013169
004878
002000
017736
013555
002520
004148
009070
010189
010054
003389
014227
001072
017122
005229
013908
005881
002114
005886
011036
005844
014324
013667
006359
010364
003133
009433
000843
015643
010892
016314
017613
000672
003096
001327
011491
008791
014303
009840
011052
009863
003306
014151
000473
000485
016707
008387
003598
006535
013285
005984
000157
005644
001440
000253
005032
015559
003215
010956
017715
008982
003480
015408
015943
000186
008641
013605
011454
005144
015843
002632
006471
013551
008906
012226
004882
001643
015788
018405
010564
008649
002581
001248
010421
015567
007822
018108
012406
003497
016279
001362
002600
015777
004175
017497
009332
013077
013342
009328
014610
010046
010499
004419
002692
011136
012520
011131
004178
011512
015188
003172
001160
007550
012752
000389
014853
010954
006060
000210
012866
006258
008742
012030
016760
008716
011325
017879
006027
016089
003684
010381
011116
001702
011617
006478
002988
015848
004040
002460
018554
002676
018269
003823
002533
003008
009078
006548
007855
003364
012772
013396
003006
008466
002194
010049
002199
009654
014291
017141
008472
004298
003650
007398
008615
012471
013802
008498
010044
000097
003577
018340
010373
001333
010276
008880
010179
010122
008047
013852
010690
010254
009454
001286
009871
000006
008491
016941
009833
007256
018046
009192
001839
014865
018327
012349
009997
000887
003004
012731
012723
017369
008894
011157
001495
004254
002282
017425
014162
000936
017610
003994
014159
004732
014832
007142
011014
013673
012373
010017
000513
017261
017544
013931
011596
013769
016890
007551
014054
017197
017825
005128
018455
000145
015404
009460
016533
006493
008966
005726
008202
017813
007394
009690
006313
002532
005350
012460
005552
018214
002607
014309
007372
003049
006773
016402
005571
003139
006379
018029
014795
001557
004026
012366
012633
010812
004392
005315
016940
001336
001108
010739
014518
008236
007328
007037
003116
009159
004118
014170
009476
013134
017998
015840
015224
012562
018588
014142
001522
009660
000338
010619
002680
001501
008846
015431
003570
006113
000946
013671
000185
005807
006871
018123
008479
016700
001180
002744
009158
011794
012507
001111
012481
006988
015252
000112
007273
001220
005477
012343
017617
003259
013729
007318
015287
011175
018022
015965
011781
009581
013247
004312
004676
013791
014279
015325
001984
002010
010070
003036
014726
010483
018057
016490
003301
011753
011436
008949
013183
008803
015772
004734
006328
000744
003115
008823
013968
018449
014009
001330
010335
009953
006320
005523
015293
001774
016625
001517
005591
002649
004362
004958
004722
010262
006347
004999
010629
010953
002654
016262
009426
006079
009788
017247
013195
017799
018571
014709
006760
012651
016642
004181
007183
007966
005664
014663
005475
005003
007493
017026
001908
008113
003094
011741
012969
009762
007719
009644
008337
009336
004874
016202
013246
018295
010588
011551
001784
014756
007780
011857
009001
008353
008518
013735
006682
012897
003586
006804
012362
001241
004741
009759
014988
008111
008624
001128
016374
012196
016457
001641
011833
016084
008843
014631
001305
017328
001547
001487
013480
007004
014014
001210
017668
005346
010190
009083
013976
012204
014358
016572
014942
009210
005733
008051
006815
000366
016669
015716
017937
013160
016653
001453
017729
005110
007219
007790
017872
013921
013817
014388
016883
016354
003325
017678
012056
003986
017703
008674
012309
017020
016967
010345
014670
010201
006901
011239
007341
010228
016986
005063
012103
011734
006361
005506
002386
001184
014981
009466
007495
006507
008397
016547
009856
011684
003884
008519
016747
004923
006274
006626
013711
007711
016230
005942
009298
006568
007006
000923
009787
011492
013442
017013
006579
010197
005841
015618
002515
014499
002883
011421
005510
013217
014938
013021
014422
008739
015455
003320
016824
006342
009217
011510
013799
015361
000884
011265
013750
008631
009258
005522
018399
018162
013887
014315
009630
012444
016602
004007
007611
001902
010571
009475
005507
015525
004012
000496
011195
001182
002825
016414
012739
011924
006708
013925
007539
009079
018104
012091
007319
006671
017767
018268
015093
002684
008915
013764
004828
007614
010120
011877
008223
005098
011637
012849
000707
014928
017099
015464
002982
007903
013803
014006
012750
017037
008173
005649
011286
004830
012401
003435
012478
016458
000169
011160
005398
016923
014704
013686
004578
008167
006581
012322
014973
000670
011875
005230
005479
001932
001535
011427
010357
017919
006480
014302
005595
017273
011126
002608
005526
011368
013257
005982
013511
009738
009214
012219
010415
001525
010578
008987
006304
001068
003501
006936
018598
006599
015282
014376
013403
010597
002561
002453
008848
018330
010186
008999
010463
003104
010430
000226
007465
009199
011770
010184
008578
013107
009553
016434
010592
017220
010810
010635
006631
004433
000022
004891
013668
002518
016432
002295
005514
007474
014339
001592
016321
014793
017337
014191
013311
009520
013787
018038
003676
010156
016925
000606
013775
005986
002663
003527
012557
003571
003978
001349
009715
012423
006578
009127
008599
015725
009169
002171
003809
000640
007481
008084
014724
003271
013554
005182
015233
011281
010362
007978
006350
010864
007330
005626
003272
004654
009886
011906
012996
007195
008022
014872
018254
000977
007231
008009
017942
003924
014335
005730
004407
012249
011038
007244
002014
017195
002394
004385
014005
016484
000624
014286
012026
017977
001166
002537
011772
009446
003619
007504
008891
007047
016028
003634
008731
015028
006549
001302
015396
008257
015569
013904
011379
007655
017561
010068
013115
018127
014435
001259
013063
016366
015227
000228
017647
015165
010934
003262
000752
006565
010708
004872
008187
002791
005413
011163
001232
007110
016648
011051
000763
017816
004610
017585
008685
008988
015149
000531
006417
008633
016647
012192
015290
001899
011888
003780
016974
007951
004615
001356
013054
003949
011139
016532
006603
013564
011159
006217
005168
016087
011733
009148
011307
003130
011143
001150
011765
015491
018149
005660
001980
012256
012940
016267
005243
004377
013706
011406
010137
010096
010893
016889
009204
007776
005933
002677
009019
017772
003178
004983
013748
000441
008389
009556
015537
008266
012292
011672
003642
016009
010759
003558
004837
004714
000781
001405
014248
009808
005130
005884
016207
012732
001828
009781
005211
012325
003197
007013
002667
008503
008273
008533
017868
003077
016562
012791
017508
000240
012455
008521
012802
014787
006234
013718
002899
011156
018400
002922
011562
008727
009966
011994
002953
008344
006852
000192
005423
001223
003340
011646
012107
009244
018040
004575
008855
013073
000599
004920
006737
016261
015249
016714
010142
017620
011077
013072
016842
004217
015316
018528
001966
017114
001901
009146
010275
001051
016243
015405
003998
010445
000340
016702
013058
014124
013364
004005
014914
008383
009876
014773
013758
005440
007843
012011
000797
017431
012923
011437
000375
007792
015867
000427
004807
002752
003952
003564
000428
016387
001015
018122
002341
008890
003533
005268
007205
016033
001994
014979
008057
013974
011780
016469
009341
015696
012738
002587
009611
003298
007392
012790
000076
017513
001938
012689
012346
006999
010927
016913
014385
017905
005952
015887
012144
006231
009418
011844
012555
002789
015816
012830
005900
017787
007962
002329
009376
011818
000952
006751
015266
015571
004426
008713
006219
014209
006066
000903
016035
006447
005966
009151
008109
018259
018290
013174
004903
011324
017892
017240
000326
008530
000102
004690
013434
017549
001986
001559
002763
017415
010634
013660
017982
009964
003580
006413
017054
006574
012361
001716
006192
001754
011380
010471
008997
002108
015421
013165
007088
007636
000067
004955
014521
017749
016809
011933
016430
016595
000180
017734
007000
016863
006533
001956
005796
005102
003161
013135
008523
000197
003636
006700
018374
017018
010799
003858
018520
012093
012905
006610
017706
002056
007327
010782
001854
014969
011922
000392
010636
009801
011028
015718
001309
009038
014173
004306
003811
006481
013119
000638
001566
003865
008066
009017
011957
002026
012409
014940
001299
014527
005641
002707
002462
002101
008312
018178
007706
006046
016435
013245
005834
017154
018453
001355
009737
011383
016494
008135
017968
003862
000261
016489
000223
012259
007992
000162
017522
010233
011031
013705
014990
016120
010261
012735
011423
018296
014547
002251
014623
005907
013392
004331
009626
001975
006338
010084
014093
012597
006110
010222
014743
012347
003786
017039
009149
005071
006195
017394
016041
000238
016770
000026
009283
014219
000288
017084
015969
002002
005018
003946
008025
006344
009918
016042
006261
009538
002003
010484
004235
001217
014806
002798
001452
005467
003406
013334
007840
003509
015366
014112
017653
014055
003997
010168
013339
002574
015113
014344
004518
006896
007562
010526
011845
002306
014130
010891
011632
011412
004173
014999
002582
013319
001477
012660
006386
014645
009182
006200
004589
010774
010894
002855
009273
001341
016468
016405
017276
014822
004485
009427
006099
001563
005804
018349
015868
007929
003799
012951
000963
014601
003080
012563
007149
004726
003488
000027
002952
010762
009422
013428
005556
017966
004794
013999
017679
010158
014104
009303
012931
018608
010943
001183
003850
012668
005412
007879
013894
003194
017333
005447
013819
006134
013036
016864
015294
006486
010040
017168
005679
010171
005617
018276
006558
001654
002290
014036
001318
009554
015782
002180
005287
001078
003930
010356
012310
008839
007098
002793
009180
007301
001793
002534
008073
007754
015204
008234
005849
009495
002689
017986
016840
017523
018300
006683
016736
008908
006529
008436
000135
003837
001244
002508
006282
008640
008363
008819
003297
012019
014293
013310
015555
008430
012202
003683
010036
003183
006305
006279
003439
015000
016167
004207
012538
014039
015656
017357
000509
001562
014266
005876
010904
011816
015794
016954
013410
004288
010346
016981
004063
003550
012609
012288
014331
012907
017243
008165
011673
004186
013753
013587
015662
004625
016813
005112
004887
006252
002164
005673
009241
012673
007236
013437
004630
000927
005919
016724
014367
002034
003082
015989
015242
004281
011279
015326
010006
005509
018580
009499
012664
002620
014896
016540
008511
007453
011912
003539
015298
017244
007529
002298
007987
018224
006876
018207
018291
013240
013401
016103
003231
005945
011902
007967
003284
017663
013443
001353
014342
007430
002346
009729
003877
004600
007437
004509
015327
005619
010235
011986
001443
001769
013404
000979
010145
018510
006388
004649
003911
017869
002264
010720
016296
007428
018551
016253
002671
001372
012141
013644
000799
018589
017744
008799
002334
009618
017676
002048
002388
018466
003566
007720
000660
013766
015850
004356
001648
000268
001335
003881
006213
004756
013584
011433
004381
000460
014030
008155
011326
017269
011952
011956
010416
006174
009988
013485
001836
011525
003943
014616
006158
012400
003922
015690
008035
015519
004541
005768
013975
007559
011167
011881
004062
014985
016662
012078
005307
009131
012138
004094
006499
007377
011547
005772
001645
014233
013008
014245
008571
015017
008858
016401
005021
002470
014977
007515
014957
003432
012713
007888
003097
015454
005727
010175
013732
015698
012179
013446
013964
013057
014847
004802
006429
012075
011593
007926
016400
009042
017413
017948
007475
018289
008889
014272
017535
013745
008106
006357
014700
008412
012988
001254
006078
017700
008981
008805
013794
011949
015990
002963
002932
016004
009691
002551
010047
008462
007084
014323
004151
014117
017859
017267
005002
004939
014412
004340
012892
011446
011692
010928
007402
009053
017011
012491
018569
018128
015053
007648
018372
011164
005269
016491
018252
006850
010163
005329
002767
008449
006145
005777
014348
009225
014654
008171
008748
011172
013046
017224
008429
014002
015640
013517
016989
013180
001619
006928
017451
016800
014592
015091
002926
013895
000382
010662
008174
004797
014377
003953
009810
000114
018173
016158
013913
010277
011206
005377
017046
004836
004274
012418
005932
009804
015102
006076
001953
008689
003261
017686
011802
001649
012139
016016
014366
002655
002697
008705
001580
000083
008368
008275
005385
015181
013702
010866
002560
000925
009311
018364
010117
002800
004869
003185
006757
011936
000015
003321
006666
002363
014515
004889
013788
012699
010481
010153
013141
013939
001651
008477
003860
011585
017205
012729
011771
017482
012281
007452
003171
005176
013453
000875
014222
010325
015904
015317
006106
018255
002762
013808
013756
007975
000811
006649
000239
011532
000801
012666
006473
000621
013526
012104
012836
010797
016444
006103
004424
016511
004853
011165
009414
014558
012799
015493
001768
008909
017134
003155
013123
009628
012237
010154
013208
014044
001951
016995
017698
009436
008535
009994
009688
014154
002496
012189
017505
003594
018385
004440
005072
014522
007102
007059
010393
006404
009138
014244
011442
009096
005848
015484
009758
012678
013159
013536
004508
003954
003631
013466
013515
000087
016570
015950
004270
014334
008377
005323
007376
014572
007254
018619
008209
012777
012037
009002
013582
012057
015775
006165
001328
003221
006989
008352
012222
010978
016194
010150
000184
002354
002683
015858
003595
015542
011147
006889
007212
013622
012374
011852
015997
009404
018341
016566
017118
015909
015915
013783
005969
004262
000720
009954
017025
004222
010768
017055
017991
000318
013665
014375
014295
015532
001634
017682
009318
005851
004036
011687
012311
014478
017438
010464
010372
010729
002690
012323
009739
003724
007249
015209
017847
014619
005310
009392
013295
010701
013690
005244
010859
011853
016025
006854
011726
000346
004107
011473
009735
012670
008849
000761
010203
006732
009309
015841
018205
001669
007705
017014
015522
010109
004997
004991
007103
001064
005599
016865
002225
008787
007436
011076
005351
013839
013355
017034
009549
000442
013150
015689
015236
007867
018414
006487
003688
011415
000676
008566
002044
004226
012539
016590
012239
006248
001676
006788
005082
016856
009978
016251
001289
017470
010482
010573
009420
009105
005155
000425
011072
013684
006810
010217
016291
003454
005409
000003
016048
018311
009185
015038
011358
007909
000273
013733
013345
012012
007405
001532
016252
008156
007414
008577
009490
007542
009489
005085
012201
000072
005714
011229
015122
004672
007089
010613
009696
002118
018090
000108
011428
012454
005718
000467
017864
005457
000588
001389
008505
017367
008913
016616
007534
009380
001973
006561
005473
007041
009790
004549
011667
003099
000136
014314
008259
008067
007870
004417
017516
013560
000167
002111
016196
005860
006851
000438
013102
014765
012172
000299
002813
004269
016003
016357
008954
006270
005789
011846
004948
000188
016755
016545
011152
008388
017124
000964
006401
001009
000491
005698
008404
000846
007630
017990
015059
006959
001685
012002
002258
002945
015430
017358
010086
015193
003541
005624
009153
012332
003963
014304
001179
017996
007800
017699
002514
006331
001605
003562
011904
004697
009621
016683
001177
002039
011797
001002
006239
006771
012858
004831
009257
000919
012079
004715
005951
005977
012100
018240
008292
011883
012778
001864
018358
002773
002555
001094
008708
001961
012745
004303
006327
013390
002243
006859
016878
013395
010886
008930
014080
016256
004774
011700
015286
000778
001993
006071
017830
006668
008421
005904
013613
014867
003098
000715
003145
004242
015477
003449
008702
003237
012725
008810
006527
005143
016099
008100
016853
014470
006826
004645
007304
000487
002458
008746
018232
001378
014423
015380
014419
008783
001806
016777
007038
002325
009544
010401
004670
007086
001377
006979
004753
007100
017518
004799
016576
011186
009264
003394
017514
009984
015968
004480
000041
005688
008037
014632
018248
007601
014534
001103
005853
011351
000803
012388
009219
011651
013384
001153
014772
004915
002409
010478
001963
008795
013823
015832
016731
009202
007979
004632
000540
017254
008367
000410
010454
009972
003418
003617
018494
008484
016973
006972
002186
000306
007278
014008
002927
007695
006226
003067
008445
004559
010602
010568
005887
012981
005827
004257
004988
018585
001038
015483
001662
010459
011004
011938
009213
002062
010733
010736
010434
003600
003604
015570
009215
013561
017669
002079
009602
008087
014970
009943
011788
000359
006977
004824
002081
002464
006179
012692
007092
012963
018060
015583
004571
013292
017901
010123
002869
002507
009240
009573
005956
014283
006863
000762
009173
005434
000719
001154
014022
001840
003755
003223
018299
013371
017655
003131
002126
015929
013689
015119
018537
015693
007239
008493
000499
017811
009230
009393
016061
006260
012472
004808
006835
008928
009369
003384
015285
009574
012834
015925
012902
008745
002881
016406
001250
005445
014409
014836
010007
017955
012284
007063
003266
001326
004504
009605
003987
007080
012122
004223
012556
011798
014250
012110
012124
004110
003288
013162
013609
012965
013997
016270
003046
003109
016958
000764
009703
008325
008881
010514
013477
008813
011791
014868
012326
009278
002103
004224
007798
005787
005555
009161
011315
006224
005117
014767
002459
007927
001190
002757
013303
018158
003555
008811
000938
016449
013274
011720
009938
004376
017759
018347
005191
018241
014751
005852
016799
005801
006566
013104
012789
004015
007373
002939
016744
003887
005270
004447
006128
012913
008154
013357
015433
005359
001588
007703
004957
008650
002768
008735
010149
017949
003740
010991
007187
012235
003505
003254
006287
006848
006216
005439
002110
000144
011007
018338
004412
009620
018020
003842
015734
014382
005579
007443
004108
012369
016440
000283
018567
002308
004152
007306
009179
011187
002983
002392
003744
012428
006409
016064
000684
016482
006551
010860
008557
010646
010074
014706
005484
017840
002724
002486
002292
002015
012295
006029
008112
008532
006596
003064
010659
007096
015762
005912
007268
010003
005122
006189
003468
018506
007312
008076
003275
006177
015471
014410
006301
000277
018280
014699
006651
002685
018164
018217
013714
003833
000495
002641
009314
013040
002237
008304
009018
011071
001646
006142
005529
004255
004865
011925
006862
018397
012291
010501
014203
012166
017356
001750
010827
016609
009057
015697
017908
011538
007382
008877
001437
008892
011631
013328
004073
006523
017582
006364
010823
004190
015508
003332
000322
016409
016441
014803
000543
000711
002227
005065
003043
010491
015553
007447
004565
007735
001497
017012
001552
005980
005348
018272
013283
003923
006864
012085
011602
002174
012174
003663
004979
009155
008941
016697
007070
002205
015270
004568
011660
013079
012860
008219
018126
015480
011001
007794
011766
014540
010377
008734
013332
006520
006395
005865
007528
001904
016852
004341
002075
002580
004666
005347
002467
008970
018132
014869
012757
005915
005573
001825
004879
017885
011516
012339
017618
009194
008346
012575
009330
010058
001935
014177
001371
018629
007351
006054
000510
010033
011276
009195
016388
010319
014333
001090
011704
009831
002032
002746
014451
003664
005829
004292
017609
012962
010674
005363
003405
009592
006645
011848
008924
007701
016937
015295
009129
016519
002796
015930
012603
017397
002312
000404
016862
015612
016756
010480
012870
013752
000604
000286
005129
010498
012474
016419
017673
012821
002201
003361
017785
009502
007596
018521
017344
007480
003158
015605
003532
002838
002162
002442
005891
016227
006560
011537
007363
006424
015250
012109
006772
015768
001014
006180
017616
018051
003687
004441
000483
005700
007225
005163
012187
009069
006262
017611
005551
000658
001989
001957
014927
005843
014967
011689
004500
000150
017920
014828
016872
002502
009054
016781
016531
017471
002041
013312
017944
010099
007467
002545
011475
010967
018592
002606
004644
016699
009848
012884
002367
012926
010802
003206
011900
009405
016693
008279
002878
014433
006314
015394
002900
003777
002943
012945
013664
017595
013948
005455
007145
007812
015221
011271
003173
005249
003568
015170
012227
000127
013687
005793
003491
012087
013412
010310
012974
015876
004896
000405
008671
008874
017064
014277
018117
002163
001005
008706
005470
004747
015406
001872
016375
007525
010941
008838
002013
013158
013798
011221
011182
013367
001037
009588
011947
002783
005465
000859
003359
004065
017408
016847
011831
010079
001436
017581
003268
003840
012376
009304
017738
011122
003314
001225
018489
013354
012982
017657
004075
016350
006004
017087
005370
011137
014536
001853
018121
007027
006595
005415
003643
007837
005824
012252
002903
010447
002626
001449
013201
012728
002105
003681
016453
006283
000692
004167
007561
008205
005380
015320
017660
013094
002745
010655
015479
005286
010496
013601
010211
003312
006291
010752
009459
000982
016782
013456
018077
014370
013250
013650
001315
017988
017178
018027
006976
010392
006519
015645
010801
000171
015150
012977
006768
018110
001520
001625
006908
005236
004002
010831
015835
018485
007950
015556
011644
000750
006819
000291
009825
014555
003397
010625
002850
016750
010862
002257
006039
001958
008088
010426
017923
000679
002366
002614
004350
006796
003883
012148
011068
000224
003127
003956
006740
016763
010745
009515
001933
010272
008161
003169
014128
014780
005283
014625
012143
009982
009421
012257
015486
014046
006789
007401
009513
013617
002291
002557
013570
008770
004204
003574
000395
017865
007365
012065
003613
001433
003374
006993
015177
006032
016138
016528
007838
000195
007786
014251
007896
007501
015187
006183
013043
014330
013636
007690
010259
016330
014554
016546
003556
004502
014643
016487
016606
017604
006017
004934
002882
014884
000259
008042
008555
014858
002083
000592
015011
016452
018283
008747
010505
011814
015641
000841
017466
007442
012661
002297
003838
006309
011066
007325
002733
002373
008374
006462
012132
011341
018328
012198
016215
004378
011424
002474
001997
009016
010065
012875
003907
005769
009223
011626
008774
014947
000449
005336
016399
010852
007973
010332
003588
002756
002185
017409
011091
017951
004669
000828
013600
004564
004473
017378
005635
007999
007357
006406
001745
011217
001636
007608
018417
009718
007240
013335
017741
016561
002503
001720
006127
003805
015377
004289
011784
011256
008946
012101
005570
015238
009522
005797
008289
006019
005939
006075
007441
008230
011661
004984
018348
000364
005480
006069
007781
001350
005765
003760
011497
008001
001403
011357
014520
008398
008675
009345
017059
012998
006459
000622
001029
016433
012051
011518
013082
010440
013042
005628
005035
008243
015857
011272
010333
007053
003193
009603
000776
014642
011039
013774
007942
016151
012525
013591
010473
016665
007954
015175
016922
000932
005534
002877
006531
000199
013954
012845
015139
000888
002814
007457
011285
005463
004700
010742
011587
010414
014469
009406
013642
015960
017128
016991
001657
010815
017934
010851
001738
004291
001929
015210
013309
010219
001463
007324
005309
009474
011204
018411
005472
013145
009830
004349
005383
004962
007771
007935
002439
014408
018193
003984
000196
001635
007553
007609
006188
000086
005937
015101
009747
009710
002096
013676
005847
011120
018239
004394
000971
002699
005198
007352
015185
013406
006016
014116
017149
008003
011534
012193
010764
011513
006163
012344
018064
013157
002527
009818
009940
017629
000892
014349
004661
011718
014807
007185
016364
010545
005893
018165
013129
001704
017292
000663
010341
006778
002914
007994
009752
002157
017680
005064
002344
009898
010010
008212
016190
000598
004058
001047
003286
004491
007714
008260
002269
006909
003060
001760
001274
005442
008159
011999
014992
000817
002666
008944
009631
001285
015205
015763
001530
004105
004066
014687
000461
008180
009547
016766
005742
000320
001569
013851
003299
002635
010042
012142
016000
006418
015328
016193
002500
010898
005813
008586
016722
006115
008364
000367
001607
001151
006132
002378
017281
018292
015825
016471
007668
012215
004300
006632
010406
003290
006237
005868
015879
002088
011641
011493
016383
008045
007856
004387
007520
010215
016775
006722
009931
007478
003318
002374
011336
014587
015107
002337
015156
002602
012027
013688
012023
005405
015495
004642
007233
015016
008585
000893
000010
012903
013117
005661
006164
005404
016542
012519
009437
004688
013772
000957
004588
003426
011921
000596
004125
012230
002485
011913
009282
005075
005949
003157
002302
015594
000501
015118
017981
016332
016098
000104
007109
013100
007171
013358
002379
006868
007969
000386
017181
015796
006405
013631
004870
007750
016961
015409
015881
003834
000249
017429
003419
000980
000929
002403
014058
006903
003329
008222
007332
002906
006818
017380
006576
018141
010872
004192
012869
013936
014731
011443
017584
001287
014739
015820
013239
006748
010344
014692
017574
003629
007844
007025
006435
018257
008105
012587
005190
002202
002996
012894
010512
005012
010699
000772
007518
001639
006980
004251
012576
005111
002099
007126
015961
014785
010290
003822
011332
014312
005471
015711
012158
012612
012946
004474
015779
002934
013709
007127
012017
002526
004398
011625
014115
006915
006445
003222
012614
015632
004328
017814
004733
014696
002510
016307
004476
018529
013669
004980
000643
011976
010903
017161
010997
009391
018307
007380
017493
006064
010513
003499
014313
010858
010853
017938
018443
004112
002941
017946
010232
013625
013015
015587
006114
010188
001717
001794
012153
002529
000920
005577
004104
009888
016963
013749
008964
004798
007364
008932
003667
007404
014691
016888
014397
001606
013886
006263
015846
015395
005360
015154
004383
000641
009511
003387
011862
010038
014845
004505
001917
007062
015674
005043
015362
008214
016885
016607
007715
000727
001587
010301
001272
017423
001914
000274
008298
006607
016176
009655
004243
001927
013178
006203
011819
000889
009845
013356
005458
011041
004153
010567
010784
011754
010600
000121
012746
017596
000134
003343
013286
018103
014119
017008
003769
003863
011363
011280
012788
002944
006356
010475
011367
009928
007639
008647
012927
003673
013510
000678
009114
004784
003800
001866
012354
007114
013720
003128
005444
011541
002971
010402
016437
017226
002124
004086
015807
010757
004740
002967
004344
010556
004671
017836
009349
018140
012048
016361
016859
011210
008126
015191
009165
000303
014037
006240
011865
001170
009685
012715
007226
008197
007721
010223
014770
011082
001817
006882
006577
005299
007685
009733
006482
011458
008772
001404
001613
008826
012356
014984
014322
003662
009505
008629
002852
005759
015923
017483
005550
006259
008164
011292
010469
007178
014875
012117
011624
015687
016671
012480
018047
015823
005663
011539
001471
006107
006981
007201
008721
006728
001112
003446
009623
015169
017631
018490
011987
003776
014098
011856
006974
002427
014253
006713
011110
004413
018236
005990
009519
008853
013552
013730
004813
014029
000950
005019
003957
007968
001167
004591
014051
013013
017626
000586
012679
002905
016067
018147
001467
004651
015296
012838
006545
010673
012070
011317
009656
009063
003431
004519
016502
016171
012061
011746
016341
016124
007723
002694
011903
018235
010021
001137
006108
006738
018101
007555
016985
016344
006951
015072
018610
004597
001785
001987
003123
005278
007660
017806
000138
014212
014389
008139
005753
001152
000721
006210
009423
006352
018298
007924
017419
013524
002092
005496
014689
002405
009935
004431
013776
005290
014102
006906
016362
006618
001798
004169
015331
014475
000341
000651
016579
007527
009198
016199
017628
000387
011185
011978
008619
011778
002144
017760
001300
000534
005731
000058
002482
018056
007691
007188
003428
018356
001173
001690
001401
003856
002809
014145
016342
016328
016945
014194
018133
004305
006172
005926
001360
007861
011556
005833
018204
015186
016869
015712
006202
007090
010963
002123
003350
005561
005890
007651
001573
017554
011081
013567
013294
011318
002475
015773
014353
001416
005375
001357
005896
011487
017081
017506
003951
009742
009839
015932
002005
009115
008050
015359
010135
017527
002457
015944
006394
004276
017089
003623
004020
010670
015153
014916
015410
012630
016726
014292
017313
004467
003066
002207
002588
011179
018398
005669
001889
015222
004053
004423
012152
005145
012372
015946
017093
006875
000059
002642
001924
010090
004119
017148
004529
012441
004079
017790
015075
012754
004475
013062
004841
004660
013736
005632
016242
000521
000559
009600
008634
004160
008916
015303
007845
016543
018081
007752
013204
000922
005902
001845
017841
003727
012627
011241
005656
009512
008777
011962
018605
012896
006511
005131
016573
002252
018558
012435
003709
018278
015754
008038
011352
016674
017965
003295
014529
015306
014455
000734
009638
012615
007941
012938
002090
003263
001390
008720
008825
001775
011480
011711
002759
011703
015536
010833
004547
010638
013253
007282
002221
015173
017191
015207
006267
012570
004103
015852
008027
003549
003746
009238
010387
013770
011043
001698
005970
005870
001609
011713
009536
011758
008765
012571
016695
005839
013994
012461
016050
015963
002381
017886
008717
016083
015062
007253
003138
004365
004401
016013
011435
016679
000710
004707
002704
016934
012601
014923
000401
012188
001915
010713
000131
016173
003144
017594
000642
000968
008645
000241
012809
012574
007757
009591
009676
009055
002741
015558
017327
008083
012771
016678
000432
013052
015827
017332
012105
009479
012567
003235
000988
016688
011253
004566
001913
004056
017624
016915
002142
004998
001697
010398
001504
005645
009352
014476
010174
007900
012862
018253
013577
008460
015100
001351
004478
012098
015776
001075
004188
016288
017684
011319
001317
014629
010897
007996
008879
014411
014092
008728
011920
005816
012453
015764
006117
013835
000706
017462
016588
014206
008450
010390
002250
006105
006562
008732
015939
003402
006468
005935
016137
007281
002361
015379
001494
002266
002170
012357
004664
009932
009221
016073
003866
008011
005349
014566
008680
017213
006169
018059
007709
013130
009401
005871
006229
002340
012282
009777
003520
015229
017437
015783
002898
016205
012076
016421
006765
010935
010987
010048
000271
000422
010809
011264
003830
002395
000915
017637
008004
009640
009568
017681
010715
012387
018176
003616
005296
011514
000198
016513
009985
001003
018351
015561
010686
008507
004593
008648
009772
001226
017412
003880
002872
005566
000374
004817
003747
001701
015300
000054
003212
012566
009564
001747
015976
012299
014641
006881
010998
005096
012523
004428
003937
013266
005638
015554
012351
012808
016982
014537
002920
010868
015068
013740
015933
015759
001943
003236
010765
001122
008068
005054
004721
016397
012267
005520
002950
008097
004668
010127
007873
016650
010270
001398
014653
002129
011228
004635
009498
001514
012617
017100
015110
008247
005818
016943
011227
003935
011456
017964
014019
015684
005780
006641
014548
010061
011445
002300
008762
008434
011146
013512
009904
009443
005177
014034
011394
017049
006500
006731
006348
013016
000493
016818
014833
007346
005361
003148
000931
006501
007971
004689
014727
015563
008322
004730
012598
008216
000236
006703
014886
003896
009445
009613
009269
009946
009548
009860
012462
011015
000325
002553
003670
006584
013632
000552
000532
006372
015885
001313
012223
013530
012331
011598
005146
007321
005288
005499
008690
015034
001585
014224
017605
014289
000616
003867
010166
000055
007763
002310
017246
010919
014269
010734
017162
017725
012161
008492
013435
004667
005975
007930
001490
009914
016779
013922
007203
014912
010656
002764
011972
009533
015727
010846
016478
015218
000687
003054
014231
015529
007220
017900
012180
018482
009622
003750
005318
004763
017232
005319
010267
000094
009347
002924
000520
004776
001192
009821
003422
017940
010076
016115
017486
016055
007464
000882
000052
004996
008451
002390
002280
009065
002045
004862
009949
014664
000872
002504
017778
018352
002513
017258
001772
018102
002792
016495
003068
012511
010095
015967
003370
002150
005400
015419
016530
015123
013324
006497
017888
000913
001874
003792
011918
005678
004975
008455
007065
017349
009792
001001
014568
013432
011501
002787
016268
008349
012355
006503
012487
001457
006299
004446
012622
016121
008817
005357
001010
015604
009289
004809
016953
013580
012485
012859
011810
017185
004640
012176
017335
018294
000109
000443
018045
018014
006369
011899
014902
008547
005739
009861
011098
016926
007503
004859
017396
004085
018480
001370
004788
006845
008134
018243
013853
004847
014544
009754
011635
007740
004795
009571
003338
013786
017123
013959
003990
013751
007082
005300
001107
005831
014769
008490
017253
011623
014446
009006
014526
013618
008170
011998
000360
003404
010824
005087
000810
017489
016686
016908
004895
014618
003519
007650
010841
007532
007486
008098
010672
003843
000212
018609
008232
015476
003641
008654
017116
002765
011674
001921
016675
007516
005576
005369
014890
017450
008396
014604
001417
009141
012822
001615
012151
004230
001820
008218
001178
016916
015340
005954
015199
012160
003283
003968
016189
003401
015225
013097
004789
000623
009857
014944
004333
013407
012878
003198
007348
000149
016470
001597
003692
004364
014252
008295
001176
003346
007713
015948
009044
011725
008483
008287
017882
009565
017494
007606
010322
012248
001529
009990
010187
002021
012340
004739
007385
003608
003366
007728
007892
010627
016804
011205
008943
016404
004093
015163
006082
017576
006961
007908
003728
014903
002216
005356
002521
008584
006220
013260
003225
017794
001282
002693
011530
011531
005607
017797
009216
011372
006571
012084
008124
012879
011671
011916
007667
001767
001916
003996
012581
016377
015737
006838
016248
008657
003535
015489
016668
002438
001898
017348
009726
018587
012069
007019
007356
010906
015412
010609
002059
006540
001523
013028
015785
017172
011335
012329
002761
012742
000090
012427
005866
008092
013387
001713
009907
014497
007796
004822
007725
011937
000335
006326
003324
001589
007564
012493
009133
013473
002554
003806
001268
005744
004897
011230
000766
011565
016415
003081
001131
006653
008781
012285
017932
004742
009030
001464
001691
009908
017406
013620
005524
017895
010826
017498
005533
005460
003025
003085
009464
008556
017068
017812
014860
002428
018342
012333
013956
011628
003092
010770
011669
001595
016101
011874
008986
012214
017789
014280
018234
010529
016483
011401
003975
003929
000037
017414
007686
005671
015258
001455
001470
001086
010285
018519
003565
017950
012394
013297
015198
009325
014530
003793
011756
001388
015676
001481
004429
013615
012605
006926
004779
005077
004820
016551
018303
013566
010199
015416
013654
017565
004372
009472
016011
014533
003596
016843
000757
017384
000639
001844
004511
003514
012224
004609
001925
006948
011079
018079
008865
004393
012286
003425
002956
010287
016413
001581
009297
003655
000973
001171
009930
012131
004989
007741
018503
017444
017807
001063
013108
000230
010194
011093
007883
006780
005687
008032
008666
017568
008476
001568
009796
014496
017021
006580
005830
004858
014760
016975
006315
012384
014848
016358
009355
013521
004059
012868
015560
017082
006806
005633
012531
013402
000790
005491
000898
011169
001733
017076
017101
003164
013638
015030
016104
011621
011033
008776
012701
014467
011022
014060
006964
004540
001838
011649
012970
016771
005456
012398
007326
010975
002085
000974
016641
009294
012733
016733
011178
010441
000993
007395
004187
007877
017345
008401
015907
001578
012335
018119
011868
006877
000329
005623
002370
011896
017187
016417
003852
015784
003466
007635
015475
002673
015126
000614
001677
006756
001211
007702
002936
016154
003265
017775
014027
008730
013489
014386
000345
005306
014908
015755
005014
012636
001447
006727
015036
007279
016708
006521
007153
002352
018471
014491
017467
000113
013828
005251
018628
008766
012768
004553
012328
015167
001092
005396
005547
008438
015420
005239
012450
000068
016316
003086
001548
014133
005854
003179
016836
003569
007766
018560
011223
000073
005362
010844
003743
018219
013985
006830
012431
006643
012083
000319
002864
008868
005181
016111
011804
014935
000260
014576
011659
018404
006798
009679
002131
000573
008604
008099
015127
002786
001052
012064
005157
001083
004677
002074
002121
018370
007632
009354
013643
016691
001519
000582
003447
012165
010107
000141
003920
009181
006839
011859
013694
002208
007862
014755
011251
003264
017608
004942
012212
013585
002106
004137
007387
013506
017769
003656
010649
012191
000129
018322
006953
016685
013930
006464
000547
009786
010632
005784
000909
017496
010990
013061
016897
004620
009050
009920
009184
009235
017995
012518
007343
001684
018515
001093
011931
013423
014571
016418
004336
006853
010914
000894
014694
002051
010162
003380
015985
011255
007514
001617
007506
016917
016802
018078
006767
008017
005443
002400
013938
003825
012793
012901
016327
017183
004345
007537
000765
014485
007036
018129
017360
004735
006494
010256
000652
006944
014241
011526
004827
003117
009170
009400
014484
016293
001445
013249
002137
001465
003879
013537
016113
015983
015994
016894
003765
018274
000871
001255
003697
014764
012824
006321
005388
014505
004533
012813
001221
009945
013224
016638
000275
014705
003448
007724
011444
004594
004935
000289
005213
009885
005909
005869
007122
009846
009648
009708
002109
005971
011945
004285
010164
004335
013877
006157
003660
011815
018266
013037
005317
017779
002095
005067
011191
016313
004099
006690
010854
016667
010133
009087
000371
002347
001974
008235
007820
009486
015498
012438
009827
008199
005898
014745
015937
004272
011934
015981
009842
010300
007581
016746
009768
014511
006123
000661
000209
000539
007914
008163
001344
006399
008362
014630
011851
016065
017045
002853
010286
014461
008335
009319
006491
018442
013505
004616
005803
013611
017726
017976
018135
010226
004409
011484
016076
013281
007426
017143
013708
004043
001207
016928
017543
017080
015428
013226
012773
014135
009060
016106
012016
002360
008417
007093
002530
012247
010642
012801
000099
003278
017693
012980
000876
015951
012113
016629
001021
017972
007500
001600
015138
001347
016583
017006
012906
010260
013698
013593
012593
010389
005770
011655
018465
013202
013320
003136
017177
008703
018379
008136
017058
004329
018190
011059
015831
009714
018590
007513
004792
011732
003768
005387
004296
011511
018573
015838
013265
011306
009077
015148
005253
002874
003042
018625
004863
004908
002423
000835
015465
017633
007631
002721
000488
005987
010284
003561
012432
005647
015468
013213
009123
003759
012463
002441
008149
004032
014688
017085
017993
008886
000917
001121
008726
002349
008583
005684
015001
003988
001062
013083
011328
000168
013167
015793
012271
016318
018607
015099
010561
015652
010264
010773
011508
011606
005637
006552
011694
012363
003498
016038
001823
014838
012318
013369
007876
005962
012589
014862
008188
003070
001266
008751
006669
002579
006550
005923
000463
000756
014096
004126
015281
012835
000333
014384
012396
016656
005339
010126
010461
011893
002559
006865
017115
013713
004793
007990
009024
015694
016931
009056
005704
007745
009543
016896
004042
000857
016051
007242
002861
005237
001088
010620
008656
007265
017029
002357
005651
012766
010952
010247
013864
014184
001752
004252
000625
003926
013947
008007
002911
009823
013457
002353
004675
005384
007329
008496
012294
010503
013914
007177
009013
012459
013663
012410
004037
008376
011409
017354
015336
000574
001694
003762
009191
006779
003714
016741
001105
010816
009088
015434
014063
016292
013187
016644
001442
006665
010178
003445
008790
006786
014541
004590
010875
005505
015511
004165
004185
012552
008318
017675
001273
016791
014507
014746
013969
004679
017086
003177
010555
017641
014114
013957
005525
018201
005613
012966
014626
005469
015733
001765
010918
016505
004339
002571
018206
014432
002100
016144
000348
005882
018097
000733
012395
015722
007238
008270
014894
000804
007135
009651
014819
008101
012303
013144
003358
000092
010334
017863
012847
006761
007590
017575
012811
007638
017850
011329
018313
015449
003134
009462
014856
016507
002629
007933
018287
004771
001500
014578
011346
015992
010198
002401
004064
006670
007209
011461
010507
003436
007694
008280
001868
013014
003912
002960
015015
003753
006067
005158
008178
001680
016795
018513
013784
007338
005391
007583
005592
008613
015774
016219
008160
003910
000545
018100
014550
001380
013592
013993
010437
004351
013804
003106
002585
017296
006345
011591
002972
002209
015445
014735
006823
002299
008548
002901
010444
000858
005483
000812
006932
005199
014081
008942
000256
012537
006642
012634
002778
010374
011693
003430
011897
010775
004317
018197
008603
003814
007799
012445
005697
012700
000484
000216
001201
011312
008373
002957
005694
003516
014062
016052
001343
007535
015273
010087
018546
002893
014850
007228
005612
000151
013248
003016
008955
012514
008382
004219
003654
002857
011840
009145
011580
017206
005873
007732
003125
004947
000258
004981
015527
003316
013815
004861
009744
006207
015037
011710
013488
004922
016955
000609
015743
008914
015312
010723
012375
007390
010763
004587
011892
013230
001222
011993
012734
001026
004284
008189
008116
006453
003787
014846
000459
004812
002568
013865
010732
003635
002396
005214
005815
013419
000930
000115
010115
015804
004311
010305
016208
010650
012352
013883
002720
012807
011563
004309
018093
018209
008488
016729
004046
007476
003985
012229
016273
007353
006712
004966
000538
012022
012508
012045
008453
012663
015599
001715
002183
012920
008196
000505
004438
018530
015758
001558
006293
001633
007074
015634
010268
005421
011905
012711
011359
014226
012004
010106
014368
011572
006995
005646
009616
005222
010525
012717
011398
009485
011849
003230
000717
008251
011420
008637
002461
017430
012419
011381
001895
008546
014827
010405
015422
007679
000881
013233
011225
006899
017808
005217
009010
001123
016515
009469
016651
009346
011560
006984
010147
012825
010873
005151
014728
018623
002698
008831
017031
003362
002471
013678
008841
010159
010281
015407
004953
001969
016286
003462
016426
000682
008962
009595
003748
011268
011216
014004
005913
009785
009567
007286
006733
000436
007912
010497
001843
015435
005489
010754
012154
008323
015490
018262
001364
006087
017821
010009
017353
006086
012978
015806
009579
005226
013330
016806
000049
006644
010370
004580
003914
018367
004650
006776
015176
016850
012792
013780
002795
006492
014059
004848
015800
014378
007533
001885
012546
017602
015673
018258
011430
003962
009566
012319
010882
006298
006709
003925
014857
000741
003088
009239
010590
011950
012304
009028
015512
010974
004164
015678
013647
015374
016002
006598
010347
009516
004621
000280
003056
001801
010023
005414
018495
005721
017448
017176
007675
007010
008029
001628
010375
013500
007600
008743
010946
002030
006273
013030
015523
018334
007314
012558
013945
018523
003934
017831
013424
002719
002605
017701
004576
007140
017529
007291
006281
006867
006489
003705
006939
010329
009593
011705
015562
002046
002549
018184
004655
017606
017577
010458
012588
008356
012828
012009
014876
006605
014904
005149
014341
005234
014725
000662
002803
007782
006051
008798
017203
003452
001575
009039
008632
006723
014109
015082
016396
007320
006636
010302
010035
014274
001261
014238
008644
008107
017897
012602
005709
008771
017615
011086
002053
000200
009072
005610
003073
013757
014627
015565
011198
018113
000768
002986
012741
007673
018242
004796
006715
000321
013070
000064
004435
003282
010427
008835
000873
013695
012502
008597
017188
016298
002146
005008
015168
011740
003992
002359
003051
005916
007901
008238
006276
017097
013743
015089
006925
012412
017687
016044
007731
007817
002566
017180
011618
017090
009457
014508
016805
007354
012917
010698
003495
006002
002613
014325
005261
004659
011334
005403
011966
002766
013032
014866
006885
005846
006799
000874
001897
008887
008884
014071
003159
012564
011520
018631
006836
014201
017827
015834
001531
011836
015705
005667
009791
018063
015360
010457
005530
009250
000571
002993
008807
011339
012279
008118
010173
004893
008851
011369
018146
013612
006997
005580
008678
003045
012948
007386
014707
013670
002116
000961
018391
001219
007566
010789
006243
017245
015313
008984
003227
002054
002771
016131
015781
000107
008905
003091
008561
000492
009154
010088
015013
015291
002091
002997
007164
010811
004131
004881
003592
016345
004780
010207
018464
012169
007793
015585
006985
016294
016263
005878
008104
017985
010685
004083
006640
011199
018179
012529
010680
005364
017190
015726
013114
009091
004273
007095
015749
009281
013646
010644
003938
012207
001797
012306
009874
000701
006775
015818
012350
002284
001571
013880
017391
016815
006524
015692
012704
008757
018017
007280
005068
015354
012889
003199
014297
015628
000315
016015
007057
016893
003948
016114
015134
005701
017077
013822
015095
004023
013472
005747
010553
003689
018000
004956
016481
013760
008902
017442
009389
012867
009617
006040
004949
006623
008369
000669
008221
006073
005708
007196
001237
012959
012608
008467
000175
012238
002806
015105
000219
005106
012873
002917
018532
015145
002569
005007
001776
007368
009008
012730
002112
008091
000362
007808
015988
003471
017573
008935
002229
003894
016382
017979
011314
003472
008326
016105
005680
009684
007998
007854
017691
009322
000783
009413
009201
013692
015090
016776
005985
012548
004010
014567
008213
001841
006355
011392
008991
010378
008077
014466
018424
003135
016340
014152
015789
008952
002272
008314
001674
006792
009093
018226
013431
016274
016589
008953
017325
015487
013624
014021
012957
003492
006735
003649
007948
011243
005343
003573
016823
013527
005746
014648
012159
013681
006018
001556
014318
002398
018479
005670
003941
003216
016166
003603
004550
008602
014278
003810
011579
005497
018448
018421
016290
015219
005194
010639
012364
017163
015356
013389
003400
018067
016431
005603
002049
001758
008204
000551
015332
010479
014480
017503
005260
008147
018498
003459
010161
005435
006508
002338
015911
000075
012540
009254
001734
014489
003671
001611
009959
006160
011666
013926
009051
000863
008869
006151
005822
005720
000100
017324
013399
003421
016384
010778
018125
008934
017659
006119
016022
002228
010576
011382
008168
015133
011345
009636
016225
007579
007001
013811
005516
009607
018180
008899
016258
013076
010761
002668
012221
012278
004238
011374
015400
010253
009563
012748
012854
007119
010089
017067
001058
008425
017449
006996
008802
002035
012468
006426
011884
003119
010280
012327
007676
011723
008700
012688
013468
015699
012168
006992
002377
012638
007008
004852
010937
013270
012501
007077
001688
005953
013019
008718
010905
012175
010386
002700
010985
012114
008750
000700
004940
002274
015215
006391
003668
004528
007165
007221
004057
002873
008589
000515
000967
017287
011509
003487
003723
015579
015211
005930
013361
004267
011600
015369
006235
006498
009338
002437
016957
002070
007050
000356
015162
012437
013932
016599
016282
001524
002616
009231
004486
016147
008911
009259
002802
003845
005944
006006
010552
013336
015190
017070
007448
006135
000445
002273
013273
018611
013163
009838
017730
013841
001042
011719
011414
011267
001773
006455
018228
010700
015720
005459
002173
015801
005897
016036
009677
013832
004029
016346
000152
001513
014299
014073
006513
013198
006254
006057
000336
015607
006621
013657
016428
005622
017164
014477
008806
007419
005004
004579
013923
013897
002797
006337
012975
000234
017826
004534
012900
002854
014190
014161
014974
015333
002119
001036
002552
017130
015488
008351
017717
007602
018445
008198
015724
006221
007984
004806
014070
014684
001718
002122
012625
003745
010337
007471
014888
013064
017501
002726
005461
012403
015822
014509
001320
001269
012753
016612
017846
016107
014153
006206
018109
013331
017376
014708
012843
014482
006530
001848
010005
007624
016244
005906
016331
004318
001737
018630
014049
016370
004009
006880
006849
003503
010582
014328
007866
009919
011954
000287
001053
014986
005381
016343
005531
010901
005713
000636
015425
016005
011236
006118
018525
000798
012399
011407
015501
008737
013438
008527
014611
008830
011830
005659
013411
009095
006407
007634
005972
011847
004231
004454
017051
013873
013459
006762
003027
000343
004445
016348
011861
010660
007880
009118
014605
008030
014406
003176
007193
012055
007830
009307
013293
011737
004484
016178
000648
007446
004892
009399
002220
010524
018317
013603
017040
003560
018615
006918
015372
007960
018402
008307
005179
000437
004894
009040
012693
012211
001129
017795
003151
014024
000549
009344
017347
001059
010294
018166
013672
010148
016684
004354
009877
006323
007425
003443
000284
013782
018035
001423
002472
011799
001496
003536
016789
005084
017175
007262
010000
011470
010916
003063
014577
001294
000139
018098
015787
002093
001039
011619
013004
017752
000377
009357
007663
014086
004113
006743
011941
015253
014551
002565
009649
007595
000242
001985
016980
003523
009702
012371
003100
012954
004206
006600
006704
003110
000901
003240
007552
012775
007565
013075
012696
011627
012583
007194
008789
001067
011249
017426
013055
018277
002476
008231
012652
012225
013529
014559
016536
012382
008701
004720
011885
002675
005981
008618
009977
010596
012592
005119
013856
001707
013090
000726
004277
018218
017733
002348
011010
008359
012747
017548
014308
016416
008579
015880
014188
009822
007491
006662
014887
013212
018168
004910
010026
016319
009237
014298
006969
000080
005719
004657
015088
001061
005594
012968
003783
004825
003970
006912
012127
011235
000302
002414
008423
017321
004619
004139
008947
008722
004759
009858
011843
003243
013762
016094
006088
009937
015467
016522
008512
004261
002067
008588
017268
008308
005024
016071
013322
001574
009101
003437
018244
001379
015424
004116
013589
003456
002747
018048
014956
001695
002695
011003
007874
017891
005437
009809
010191
003249
006000
016790
010438
011321
015120
009308
000034
011162
011220
011393
013731
018305
003974
003122
000883
005006
006371
009883
017583
004050
011389
017997
015534
002156
012573
008834
010136
007344
016774
010540
017823
006592
014134
013353
007180
006031
008410
016369
001796
017469
017350
007266
003273
017646
012596
017056
013531
001746
011151
015590
003931
010468
009689
008958
009560
008079
014740
013844
004109
012826
000748
018565
005407
017004
003651
002732
004782
007727
018612
013633
000600
000650
016990
017234
006586
009012
011260
006227
015613
010245
014799
014258
003252
009248
018005
010544
003102
003451
002066
017010
013244
013556
003807
001909
008153
008723
004215
012759
007427
008128
001270
010418
000215
016329
018233
004497
013455
009334
018319
007510
011996
015650
010737
016152
003256
017984
015349
002760
002351
006907
017142
009546
012015
000680
003686
006439
003255
018015
000566
007983
009285
017713
002489
001762
015382
000408
010842
016497
003939
003813
005188
014718
007017
010308
014094
018151
000760
015856
005289
005322
010876
000173
015353
002230
004481
006162
001740
013031
005420
010470
002973
018203
003257
002596
005324
003640
000085
010212
015478
017193
007821
000712
007511
007772
009386
002656
013635
001719
012629
001877
015427
001450
000214
017416
010566
007580
005545
015603
001205
012762
002313
008137
006228
008980
002894
007463
014591
000313
013951
013259
013655
008278
001462
006634
015256
000187
006290
006173
001727
012321
017222
000940
001191
011121
000718
009948
016008
013487
014883
011550
008127
012794
015271
003482
005938
004142
004177
018381
004194
000607
001833
007746
005998
007234
017033
011895
007199
004686
017913
004724
004506
017745
012216
002265
004781
012530
011293
009031
009683
015541
015577
017756
002008
014634
013879
008812
008141
015128
012853
015022
002938
008244
004337
016902
003174
018371
004829
003093
000956
017478
011880
016977
008998
004128
006474
004459
002516
004601
007322
012887
015008
002262
004196
003124
000384
011213
002020
009450
012577
000755
001610
000995
008206
000792
011522
010385
013377
015220
001791
008342
015423
001664
008923
011728
014766
014953
013565
014144
001706
009572
014851
013549
008643
003296
015304
013781
003585
002782
017019
007890
015121
014127
003005
016627
002535
010800
008778
010139
015896
002355
002536
000051
011864
010964
004492
013041
011386
010677
013523
015262
018170
001073
014565
009081
012751
016537
009284
018030
004403
002769
003411
003189
014175
003581
015746
007616
013476
011019
006628
006366
010365
003486
006317
014182
015277
011681
013619
002832
011048
008146
005274
003848
015906
018115
003333
012554
011219
001033
015470
003490
013461
003300
001642
012578
011161
005281
016664
011490
005436
007688
007477
007997
010052
016749
007637
000886
016514
010817
000502
012509
013333
014041
002141
012526
000747
004978
013007
011485
010896
016355
015027
016559
014273
010528
010616
001126
001849
001499
009255
017559
005001
013496
009099
002435
014012
012544
010486
006102
012918
013188
008015
013958
010306
002421
011254
000468
011138
001209
009398
002788
008663
006330
010134
006956
002268
001779
014802
001482
008054
008433
017182
002491
010883
000584
013038
001392
007462
001946
001759
004561
004745
008927
006803
007375
008804
012353
011503
011012
005636
008832
012565
012993
015731
000725
018439
014373
009855
011176
010711
013385
014218
001145
011724
015959
013623
017280
012619
006781
007379
015780
014972
017880
009743
010045
011044
011706
002638
011184
004280
004028
010152
010013
006084
017231
012008
004076
013941
002985
016594
008979
017924
013874
006746
005220
016410
017780
007179
006787
018401
011806
014854
000482
000633
014512
010206
011842
014453
000664
013033
003192
001941
013981
009167
001429
005557
001434
006869
010847
016786
000626
003232
013961
002723
003721
001744
001894
016247
005466
015833
009884
009491
005368
007381
011099
018074
013746
010718
005650
002023
004078
005150
005559
012140
000430
002678
015239
014749
000916
005826
010867
009022
003602
013816
009746
002446
006866
012287
018459
017590
001213
015077
015330
012034
017906
011860
005070
017060
000989
013372
010648
014033
012935
002094
008384
016832
017890
004458
003897
011940
000912
011063
014733
007107
004439
004851
004804
002660
002619
004873
016054
004493
007438
011832
015276
017510
016411
012515
015792
014915
009625
010912
011207
008876
001936
005141
003395
008408
010932
007455
014442
008499
005584
004443
007371
006479
018395
002817
000608
015668
015429
012561
004150
006952
015189
005200
000137
001881
009064
010450
007974
001538
010382
005365
017664
015815
001965
002009
004496
008937
003489
007308
015228
003069
015953
009624
007824
004967
004520
001871
017644
012686
006024
005468
007554
017061
008572
003726
007479
006891
010822
008528
009385
015979
001011
003537
014955
005189
003035
004656
008094
013289
017614
014439
004902
001218
015902
000146
004683
011965
009262
004182
000850
003633
012183
004088
014340
014797
000293
007773
004963
016778
007022
002130
004560
017217
009384
000039
001125
000369
000542
013501
011058
003011
014150
011173
014781
009143
018508
010803
000535
012755
002215
002843
003599
010425
017407
017721
007498
008403
016220
000419
011891
010581
001945
002072
001920
007315
006109
016127
011018
004308
004531
005738
015140
007202
008961
009619
009168
007509
014841
018065
017015
012620
011561
002451
012956
005581
001030
016591
013421
006149
015335
003717
009363
011201
006821
002267
005703
002748
006408
013656
015606
006120
016506
017763
002949
009306
009092
002285
004202
006056
002082
016195
013023
010926
014369
003267
006504
006694
008043
004900
006324
016580
006569
004307
015244
002022
002275
008622
013651
003143
006697
013901
010979
014608
013978
004585
007120
016658
018375
009681
017106
003868
006205
017454
009800
015160
000130
011793
009740
014778
014933
017275
014495
014285
007508
009166
008108
015117
008300
006187
000126
018496
000985
001045
009530
006673
010396
007151
012724
016493
012831
016381
016870
016133
017931
000031
013474
000550
018160
015898
002132
017553
004762
007123
005320
005931
009003
009374
004800
017094
016181
017777
008755
012298
001265
010092
018534
003111
003311
008317
009596
009321
005108
008395
014919
005794
002469
016854
003415
016477
008784
004211
011544
005782
005775
011258
001384
009673
000992
015516
009186
008660
005786
007698
003545
003270
010027
017852
000864
001087
003854
013590
009992
015112
009139
003645
013170
008590
015200
016026
008976
001319
010888
015288
002011
009291
017552
012330
006175
005861
006920
010617
016217
015129
016927
013568
010538
001829
016680
015610
003229
012848
017536
014402
004706
014954
016179
001028
018393
013469
017403
008565
016752
006346
010072
005859
001729
011290
002686
015339
015223
005486
000656
006442
012492
008250
000489
015064
002691
012744
003378
009130
003496
012764
000512
014486
009826
012088
009682
008184
001337
000613
006199
005711
008005
017589
009212
008183
016074
004396
016203
006319
004928
005333
001143
015805
000160
003020
001675
001542
000891
003979
009897
000825
001803
003009
013071
006801
012032
015704
000033
001626
003876
003398
012368
003003
007832
010108
000990
011144
017468
015518
018068
018215
007362
012796
014336
013393
000830
006414
009865
018578
003433
000282
018320
009458
002895
006365
003872
010493
011299
005614
005528
001603
001391
014597
016500
015826
012829
009206
008691
010640
014996
010230
008936
000255
016407
003334
011247
009004
005836
015048
001572
004551
016308
015067
001893
016622
012302
017096
016535
007576
008239
018617
012086
005386
002592
014214
010032
014964
017401
015164
000789
015019
014025
012541
017912
013825
007522
001214
016162
001703
000324
012181
005246
006542
011259
000159
006070
000000
012720
006026
013053
002826
016460
016944
004866
005920
006339
012932
002064
007664
001329
015399
006587
017009
008736
004000
007858
013200
005203
004773
002640
007810
015398
003351
013991
012784
010118
012594
004013
008627
007848
011750
006368
017381
010185
007492
014609
004482
015417
000330
009767
014652
011399
018624
009668
011812
009137
006755
007769
009152
000397
004604
017427
013548
016090
011050
007784
005837
005223
002369
009280
009432
005691
006425
011118
001202
012662
017435
000775
015709
014268
000128
010204
002810
011524
013833
018023
007604
005210
006389
017302
000918
004468
011543
009465
012805
014809
018028
005476
014417
011679
000649
015636
004455
004016
017155
004011
011968
005959
013739
016306
014364
015066
003917
012038
014215
005429
014061
003891
014220
017216
014421
014965
006660
004678
006403
000691
014717
006905
013325
001852
010059
010239
006297
012260
005215
012096
013906
013258
003621
004499
009770
015970
003844
009909
000011
008495
004752
017632
004259
007665
017400
009763
011067
017476
014878
017592
002615
016773
006387
004144
017947
005372
007091
005757
017538
018463
002661
012430
011017
018006
010722
014702
004805
016116
016569
000860
016278
014800
003393
016601
014560
003409
004456
016920
004120
003414
013300
017005
017551
001331
015261
000154
003244
006873
016687
009025
014637
011117
014195
003615
009301
005000
005908
014178
011240
006266
014907
008286
004490
018460
017857
005170
012613
014837
013017
010791
016877
009317
000724
014319
017963
005452
008475
013792
016565
004876
000618
004418
009813
005327
017672
004618
010688
011209
017027
014647
013298
012758
018486
010705
016689
008190
012439
002696
011356
016325
009329
007355
006415
013716
006884
002937
004938
000900
000945
017927
008071
018250
009687
007271
012895
011653
011876
018557
004200
014028
013520
005549
014141
004149
016287
007078
008058
006604
003279
018432
003309
014202
018187
017627
008820
007571
006211
005252
000400
006264
004603
008788
005781
008785
016326
012898
008709
016014
008086
003700
007658
000821
014216
002564
001742
012500
011923
012580
000507
009496
017670
017050
014257
005208
014179
015993
015836
017845
004522
005079
018596
006104
001228
017983
000416
000976
017509
016905
009160
009802
016309
002501
014788
008224
003015
014624
008940
006554
002572
000396
018008
003211
017314
002192
004034
010220
011193
011464
009178
004727
014249
008749
012568
007055
001950
007170
001804
017773
014267
006622
001142
006441
008345
012624
014589
017251
011284
002687
017530
001663
004685
008283
016911
017930
004228
003557
002701
007802
003677
016232
000774
004536
011371
000301
001239
016019
016548
007806
005039
012665
010214
000818
013452
006141
004888
012984
012650
015766
013418
004347
017202
006295
001267
010170
007803
001358
013721
005305
007072
002175
008339
004716
001755
003612
017765
007361
003653
002801
009296
018622
003057
002127
008681
006785
015661
012551
016150
002959
007661
001673
006710
009299
018003
017066
003821
014235
017709
009507
002664
011064
015178
000779
002851
011495
007831
016876
003317
015669
010508
000050
007718
003260
006510
007274
010675
005328
003349
007499
003816
008055
009409
000587
017829
002190
014192
000736
012313
005431
007680
011603
011106
000834
016950
005449
000332
004698
016630
013691
013147
006945
004757
002117
001256
012876
010243
010113
017683
014644
011568
000403
000207
012549
004201
012681
013639
009208
001586
013321
001479
009125
015740
016765
005184
018052
012697
017957
002715
000424
017152
005297
005779
001551
013885
014440
009639
013741
004623
001130
000477
002519
005564
016959
010001
002665
008207
012494
011995
006030
017563
000429
016939
014808
017145
010878
015106
009893
011736
005115
011979
013059
014775
000735
015686
013316
013629
015568
007105
003618
005517
007618
012300
011274
008895
010140
016447
009750
012707
010472
006541
010794
001640
012495
008573
000906
002774
018183
001240
004653
004912
003607
016068
012827
000962
000370
002643
017649
007400
007787
005535
001972
015172
010327
017883
008714
014519
001807
015257
014126
012040
006987
010960
015367
006802
000264
009390
016501
006543
003420
005095
016816
013538
007002
004713
016303
016459
008426
000578
002480
013977
000703
011447
012654
001060
003474
013679
001832
007934
003591
001278
012067
015146
002001
000098
017735
010806
003386
015043
012635
003220
001761
004633
002995
001124
013630
018390
000358
006674
015451
004790
002729
004114
012421
013018
012727
014900
004225
016725
006790
007458
004599
015566
006094
009395
007157
013314
003674
014583
001612
005100
002167
007961
003039
011664
004514
012457
018238
008026
004460
009692
000870
014327
011128
001506
000948
018478
001057
018107
006897
001515
002296
008085
001397
012307
008652
006410
002385
008752
016284
004658
006629
013725
005258
014260
005153
001348
000353
008570
000201
016128
007252
017079
011507
012995
002925
006794
011743
017636
004091
012672
003961
018080
016582
017274
001756
015644
002498
006101
008227
015952
009387
011559
005554
004839
007137
007567
002525
000628
009895
003444
005788
006150
012852
013214
018264
003731
004932
008996
007350
001156
000004
004216
007517
006063
017389
001931
011615
009608
012297
015926
000517
009706
012645
007922
003410
007778
011397
009252
009430
002203
006609
013507
009205
009086
001693
004320
016857
002977
005955
011808
000659
001359
001486
002609
000782
001206
017665
006888
016587
004453
002979
014158
001415
000244
014882
018036
000290
011907
013712
000852
011601
016380
010288
003461
005538
011554
010476
012999
016394
007758
001307
015231
014181
010615
007211
007101
018091
015071
013290
000155
003413
017587
013277
003648
018150
000632
009999
018487
005433
006147
017215
016485
001172
007337
013693
007125
006467
007366
016803
006140
014205
003534
008815
008729
011171
001085
015024
007035
004452
000328
008665
017355
010664
000388
009480
011370
016174
012543
015029
002042
014321
014359
000211
000148
009680
012516
004835
015376
002261
006380
001263
006097
007502
002886
014083
008252
013626
014861
015888
000225
014263
003701
013441
010146
009601
002610
001507
010043
001937
004736
013857
016037
014820
006742
009456
008990
017278
010821
004100
007818
016655
011234
010969
003995
005034
006241
000452
012510
012314
013682
000840
004516
002601
008145
000270
005352
009879
018476
013937
017500
009367
012586
008611
004035
018143
004052
006878
016496
009478
004420
012812
005785
015757
014131
017928
000248
003354
001375
012296
001979
010751
013545
001081
009263
001856
011100
005695
003469
005046
004554
004089
003190
007104
015625
008759
013209
014678
013955
003916
015649
013907
012560
000101
012254
002057
007267
008655
003713
003195
013497
016988
000955
004465
002839
003292
005976
010273
012921
000005
010466
013952
010665
014165
008065
007991
004803
002657
014048
001683
001783
005512
017308
006311
013998
001608
009900
015506
002646
001100
004024
000018
008623
008064
016621
012178
001564
008288
007841
008699
002550
014855
003218
001604
013243
018210
017105
017833
011474
013430
014814
013348
001802
007770
005219
004990
017351
000527
006285
012021
016526
011609
012490
004071
016871
009594
009260
006374
014824
010485
017525
004451
006111
009995
009614
001135
000118
004526
007588
001876
007560
012397
008409
017207
016936
016797
010196
007156
000518
000593
004466
015025
012486
002241
001458
005308
015202
006443
009868
000771
002624
006698
017104
008117
007507
004854
008740
013154
010572
012377
002662
000754
015444
017399
005883
004322
016446
010543
005171
014464
000132
011095
000339
001485
013659
006922
001537
004663
007662
000564
014356
016634
002884
018086
015147
005725
003281
007003
016793
007040
013039
014966
015206
013525
003965
004503
003665
011768
016735
000959
010436
010820
000001
009365
005604
006829
008808
013415
008358
009147
016245
001971
001708
013413
012542
002322
013313
006894
011967
004982
016575
012785
008910
002412
009841
007716
008220
000629
007241
009699
015389
008513
006138
017528
009728
016390
005266
001670
000272
015492
001766
013268
001297
016448
000580
008002
004693
009407
000709
000221
008191
006485
011590
008761
002672
006564
009915
014163
017139
007289
005874
009249
014716
002617
009670
015940
017259
006812
017107
000462
007871
006268
006035
013394
000466
005481
009501
013929
002408
015608
000791
009463
005792
011604
013045
012208
013091
015653
012649
012465
015670
004913
001109
010607
010360
001473
015337
015839
002751
007641
000218
000595
016463
013653
010986
008010
016423
011349
003304
012072
014693
013172
005863
000227
007993
016780
011278
004395
006322
011975
008653
005767
008938
004239
007143
001850
017485
002189
012024
002742
006428
005341
008059
013024
004141
005712
007646
017075
014198
010911
006661
009026
010780
003770
017796
012066
014939
008332
000560
003175
011748
014817
014232
005109
008672
016093
008248
004943
005204
001334
011275
000497
005255
015980
008006
000785
008327
018155
001764
015322
013299
005740
005540
013801
002573
016969
007134
006033
016504
010877
016912
011224
000953
015837
016023
006923
000939
002880
006770
002479
000508
002604
001771
007313
009228
009905
013658
014234
000610
009955
015962
013111
016335
015308
014941
011939
003061
004638
008416
009503
007494
005033
000949
011459
003330
000446
001725
012413
000440
016851
016525
005875
015914
003802
011958
001096
004856
001312
002249
010747
018469
018182
006617
006271
008254
013067
017199
018041
002511
017702
008090
009663
001018
006049
015158
008072
003188
005642
005707
015514
014068
014906
000045
018284
002547
008559
005062
002330
017688
007307
003258
011730
001509
004717
007669
011316
004941
002947
014669
010293
012997
015311
006308
018288
012736
014399
010014
007192
009894
010020
004641
005625
014703
017877
011141
017917
003624
008549
008008
016649
018154
002242
004871
004945
010907
010379
000969
013649
010323
011803
006009
017421
001990
013942
003112
001079
011008
017742
004711
012005
012708
013113
005618
017385
013449
002179
013499
002293
018435
016829
011270
011127
001887
013478
013060
015280
006514
005791
004022
004719
001306
006982
004521
006055
000480
010183
003477
001246
002426
005751
006575
017959
015756
009910
000020
004368
007423
017899
015124
008520
006759
017036
000081
013912
004406
016474
012815
011678
005911
003390
010942
005061
005376
012446
005699
000516
010753
001325
013149
008822
003079
003678
014057
009798
017255
008642
005899
012405
008625
013888
004332
009712
005598
005337
010442
016281
015913
013081
008464
018533
012162
006007
009033
000572
008478
000373
006941
006360
010269
005340
013840
008917
005086
002260
003050
010248
017361
004279
016439
017212
008290
007277
017962
017737
006068
009272
012944
017297
003927
001508
011045
009578
003277
000958