002976
002977
002978
002979
002980
002981
002982
002983
002984
002985
002986
002987
002988
002989
002990
002991
002992
002993
002994
002995
002996
002997
002998
002999
003000
003001
003002
003003
003004
003005
003006
003007
003008
003009
003010
003011
003012
003013
003014
003015
006106
010848
010849
010850
010851
010852
010853
010854
010855
010856
010857
010858
010859
010860
010861
010862
010863
010864
010865
010866
010867
010868
010869
010870
010871
010872
010873
010874
010875
010876
010877
010878
010879
010880
010881
010882
010883
010884
010885
010886
010887
010888
002707
002708
002709
002710
002711
002712
002713
002714
002715
002716
002717
002718
002719
002720
002721
002722
002723
002724
002725
002726
002727
002728
002729
002730
002731
002732
002733
002734
002735
002736
002737
012343
012344
012345
012346
012347
012348
012349
012350
012351
012352
012353
012354
012355
012356
012357
012358
012359
012360
012361
012362
012363
012364
012365
012366
012367
012368
012369
012370
012371
012372
012373
012374
012375
012376
012377
012378
012379
012380
012381
012382
011213
011214
011215
011216
011217
011218
011219
011220
011221
011222
011223
011224
011225
011226
011227
011228
011229
011230
011231
011232
011233
011234
011235
011236
011237
011238
011239
011240
011241
011242
011243
011244
011245
011250
011251
011252
011253
006188
006189
006190
006191
006192
006193
006194
006195
006196
006197
006198
006199
006200
006201
006202
006203
006204
006205
006206
006207
006208
006209
006210
006211
006212
006213
006214
006215
006216
006217
006218
006219
006220
006221
006222
006224
006225
006226
006227
012263
012264
012265
012266
012267
012268
012269
012270
012271
012272
012273
012274
012275
012276
012277
012278
012279
012280
012281
012282
012283
012284
012285
012286
012287
012288
012289
012290
012291
012292
012293
012294
012295
012296
012297
012298
012299
012300
012301
012302
007803
002856
002857
002858
002859
002860
002861
002862
002863
002864
002865
002866
002867
002868
002869
002870
002871
002872
002873
002874
002875
002876
002877
002878
002879
002880
002881
002882
002883
002884
002885
002886
002887
002888
002889
002890
002891
002892
002893
002894
002895
007518
007519
003016
003017
003018
003019
003020
003032
003033
003034
003035
003036
003037
003038
003039
003040
003041
003042
003043
003044
003045
003046
003047
003048
003049
003050
003051
003052
003053
003054
003055
007870
007871
007872
007873
007874
007875
007876
007877
007878
007879
007880
007881
007882
007883
007884
007885
015462
015463
015464
015465
015466
015467
015468
015469
015470
015471
015472
015473
015474
015475
015476
015477
015478
015479
015480
015481
015482
015483
015484
015485
015486
015487
015488
015489
015490
015491
015492
015493
013625
013626
013627
013636
013637
013640
008648
008649
008650
008651
008652
008653
012383
012384
012385
012386
012387
012388
012389
012390
012391
012392
012393
012394
012395
012396
012397
012398
012399
012400
012401
012402
012403
012404
012405
012406
012407
012408
012409
012410
012411
012412
012413
012414
012415
012416
012417
012418
012419
012420
012421
012422
008111
008112
008122
008123
008124
008125
008126
008127
008128
008129
004253
004254
004255
004256
004257
004258
004259
004260
004261
004262
004263
004264
004265
004266
004267
004268
004269
004270
004271
004272
004273
004274
004275
004276
004277
004278
004279
004280
004281
004282
004283
004284
004285
004286
004287
004288
004289
002820
002821
002822
002829
002830
002831
002832
002833
002834
002835
002836
002837
002838
002839
002840
002841
002842
002843
002844
002845
002846
002847
002848
002849
002850
002851
002852
002853
002854
002855
004170
004171
004172
004173
004174
004175
004176
004177
004178
004179
004180
004181
004182
004183
004184
004193
004194
004195
004196
004197
004198
004199
004200
004201
004202
004203
004204
004205
004206
004207
004208
004209
011132
011133
011134
011135
011136
011137
011138
011139
011140
011141
011142
011143
011144
011145
011146
011147
011148
011149
011150
011151
011152
011153
011154
011155
011156
011157
011158
011159
011160
011161
011162
011163
011164
011165
011166
011167
011168
011169
011170
011171
010726
010732
010733
010734
010735
010736
010737
011941
011942
011943
011944
011945
011946
011947
011948
011949
011950
011951
011952
011953
011954
011955
011956
011957
011958
011959
011960
011961
011962
011963
011964
011965
011966
011967
011968
011969
011970
011971
011972
011973
011974
011975
011976
011977
011978
011979
011980
011051
011052
011053
010929
010930
010931
010932
010933
010934
010935
010936
010937
010938
010939
010940
010941
010942
010943
010944
010945
010946
010947
010948
010949
010950
010951
010952
010953
010954
010955
010956
010957
010958
010959
010960
010961
010962
010963
010964
010965
010966
010967
010968
006147
006148
006149
006150
006151
006152
006153
006154
006155
006156
006157
006158
006159
006160
006161
006162
006163
006164
006165
006166
006167
006168
006169
006170
006171
006172
006173
006174
006175
006176
006177
006178
006179
006180
006181
006182
006183
006184
006185
006186
006187
009590
002261
002262
002263
002264
002265
002266
002267
002268
002269
002270
002271
002272
002273
002274
002275
002276
002277
002278
002279
002280
002281
002282
002283
002284
002285
002286
002287
002288
002289
002290
002291
002292
002293
002294
002295
002296
002297
002298
002299
002300
004529
004530
004531
004532
004533
004534
004535
004536
004537
004538
004539
004540
004541
004542
004543
004544
004545
004546
004547
004548
004549
004550
004551
004552
004553
004554
004555
004556
004557
004558
004559
004560
004561
004562
004563
004564
004565
004566
004567
004568
008293
008294
008295
008296
008297
008298
008299
008300
008307
008333
003375
003376
003377
003378
003379
003380
003389
003390
003391
003392
003393
003394
003395
003398
003399
003400
003401
003402
003403
003404
003405
003406
003407
003408
003409
003410
003411
002022
002023
002024
002025
002141
002142
002143
002144
002145
002146
002147
002148
002149
002150
002151
002152
002153
002154
002155
002164
002165
002166
002167
002168
002169
007271
007272
007273
007274
007275
007550
007551
007552
007553
007554
007555
007556
007557
007558
007559
007560
014367
014368
014369
014370
014371
014372
014373
014374
014375
014376
014377
014378
014379
014380
014381
014382
014383
014384
014385
014386
014387
014388
014389
014390
014391
014392
014393
014394
014395
014396
014397
014398
014399
014400
014405
014406
014407
014571
014572
014573
014574
014575
014576
014577
014578
014579
014580
014581
014582
014583
014584
014585
014586
014587
014588
014589
014590
014591
014592
014593
014594
014595
014596
014597
014598
014599
014600
014601
014602
014603
014604
014605
014606
014607
014608
014609
014610
009664
009665
009666
009667
009668
009669
001982
001983
001984
001985
001986
001987
001988
001989
001990
001991
001992
001993
001994
001995
001996
001997
001998
001999
002000
002001
002002
002003
002004
002005
002006
002007
002008
002009
002010
002011
002012
002013
002014
002015
002016
002017
002018
002019
002020
002021
003056
003057
003058
003059
003060
003061
003062
003063
003064
003065
003066
003067
003068
003069
003070
006268
006269
006270
006271
006272
006273
006283
006284
006285
006286
006296
006297
006298
006299
006300
006301
006307
008659
008660
008661
008662
008663
008664
008665
008666
008667
008668
002101
002102
002103
002104
002105
002106
002107
002108
002109
002110
002111
002112
002113
002114
002115
002116
002117
002118
002119
002120
002121
002122
002123
002124
002125
002126
002127
002128
002129
002130
002131
002132
002133
002134
002135
002136
002137
002138
002139
002140
011092
011093
011094
011095
011096
011097
011098
011099
011100
011101
011102
011103
011104
011105
011106
011107
011108
011109
011110
011111
011112
011113
011114
011115
011116
011117
011118
011119
011120
011121
011122
011123
011124
011125
011126
011127
011128
011129
011130
011131
014489
014490
014491
014492
014493
014494
014495
014496
014497
014498
014499
014500
014501
014502
014503
014504
014505
014506
014507
014508
014509
014510
014511
014512
014513
014514
014515
014516
014517
014518
014519
014520
014521
014522
014523
014524
014525
014526
014527
014528
014529
010685
010686
010687
010688
010689
010690
010691
010692
010693
010694
010695
010696
010697
010698
010699
010700
010701
010702
010703
010704
010705
010706
010707
010708
010709
010710
010711
010712
010713
010714
010715
010716
010717
010718
010719
010720
010721
010722
010723
010724
010725
011254
011255
011256
011257
011258
011259
011260
011261
011262
011263
011264
011265
011266
011267
011268
011269
011270
011271
011272
011273
011274
011275
011276
011277
011278
011279
011280
011281
011282
011283
011284
011285
011286
011287
011288
011289
011290
011291
011292
011293
011294
002386
002387
002388
002389
002390
002391
002392
002393
002394
002395
002396
002397
002398
002399
002405
002406
002407
002408
002409
002410
002411
002412
002413
002414
002415
002416
002417
002418
002419
004210
004211
004212
004213
004214
004215
004216
004217
004218
004219
004220
004221
004222
004223
004224
004225
004226
004227
004228
004229
004230
006107
006108
006109
006110
006111
006112
006113
006114
006115
006116
006117
006118
006119
006120
006121
006122
006123
006124
006125
006126
006127
006128
006129
006130
006131
006132
006133
006134
006135
006136
006137
006138
006139
006140
006141
006142
006143
006144
006145
006146
006356
006357
006358
006359
006360
006361
006362
006363
006364
006365
006366
006367
006368
006369
006370
006371
006372
006373
006374
006375
006376
006377
006378
006379
006380
006387
006388
014408
014409
014410
014411
014412
014413
014414
014415
014416
014417
014422
014423
014424
014425
014426
014427
014428
014429
014430
014431
014432
014433
014434
014435
014436
014437
014438
014439
014440
014441
014442
014443
014444
014445
014446
014447
014448
014449
014450
014451
014452
014453
014454
014455
014456
014457
014458
014459
014460
014461
014462
014463
014464
014465
014466
014467
014468
014469
014470
014471
014472
014473
014474
014475
014476
014477
014478
014479
014480
014481
014482
014483
014484
014485
014486
014487
014488
007317
007318
007319
007320
007321
007322
007323
007324
007325
007326
007327
007328
007329
007330
007331
007332
007333
007334
007335
007336
007337
007338
007339
007340
007341
007342
007343
007344
007356
010969
010970
010971
010972
010973
010974
010975
010976
010977
010978
010979
010980
010981
010982
010983
010984
010985
010986
011005
011006
011007
011008
011009
005985
005986
005987
005988
004392
004393
004394
004395
004396
004397
004398
004406
004407
004408
011836
011837
011838
011839
011840
011841
011842
011843
011844
011845
011846
011847
011848
011849
011850
011851
011852
011853
011854
011855
011856
011857
011858
011859
004052
004053
004054
004055
004056
004057
004058
004059
004060
004061
004062
004063
004064
004065
004066
004067
004068
004069
004070
004071
004072
004073
004074
004075
004076
004077
004078
004079
004080
004081
004082
004083
004084
004085
004086
004087
004088
004089
004090
004091
012463
012464
012465
012466
012467
012468
012469
012470
012471
012472
012473
012474
012475
014611
014612
014613
014614
014615
014616
014617
014618
014619
014620
014621
014622
014623
014624
014625
014626
014627
014628
014629
014630
014631
014632
014633
014634
014635
014636
014637
014638
014639
014640
014641
014642
014643
014644
014645
014646
014647
014648
014649
014650
004409
004410
004411
004412
004413
004414
013641
013642
013643
013644
013645
013646
013647
013648
013649
013650
013651
013652
013653
013654
011981
011982
011983
011984
011985
011986
011987
011988
011989
011990
011991
012012
012013
012014
012015
012016
012017
012018
012019
012020
012021
009631
006654
006655
006656
006657
013316
013317
013318
013319
013320
013321
013322
013323
013324
013325
013326
013327
013328
013329
013330
013331
013332
013333
013334
013335
013336
013337
013338
013339
013340
013341
013342
013343
013344
013345
013346
013347
013348
004569
004570
004571
004572
004573
004574
004575
004576
004577
004578
004579
004580
004581
004582
004583
004584
004585
004586
004587
004588
004589
004590
004591
004592
004593
004594
004595
004596
004597
004598
004599
004600
004601
012025
012026
012027
012028
012029
012030
012031
012032
012033
012034
012035
012036
012037
012038
012039
012040
012041
012042
012043
012044
012045
012046
012047
012048
012049
012050
012051
012052
012053
012054
012055
012056
012057
012058
012059
012060
012061
013208
013209
013210
013211
013212
013213
013214
013215
013216
013217
013218
013219
013220
013221
013222
013223
013224
013225
013226
013227
013228
013229
013230
013231
013232
013233
013234
013235
007602
007614
007615
007616
007617
007618
007619
007620
007621
007622
007623
007624
007625
007626
007627
007628
007629
007630
007631
007632
007633
007634
007635
007636
007637
007638
007639
007640
007641
002658
002659
002660
002661
002662
002663
002664
008175
008176
008177
008178
008179
008180
008181
008182
008183
008184
008185
008186
008187
008188
008189
008190
008191
008192
008193
008194
008195
008208
008209
008210
008211
014678
014679
014680
014681
014682
014683
014684
014685
014686
011172
011173
011174
011175
011176
011177
011178
011179
011180
011181
011182
011183
011184
011185
011186
011187
011188
011189
011190
011191
011192
011193
011194
011195
011196
011197
011198
011207
011208
011209
011210
011211
011212
003776
003777
003778
003779
003780
003781
003782
003783
003784
003785
003786
003787
003788
003789
003790
003791
003792
003793
003794
003795
003796
003797
003798
003799
003800
003801
003802
003803
003804
003805
003806
003807
003808
003809
003810
003811
003812
003813
011900
011901
011902
011903
011904
011905
011906
011907
011908
011909
011910
011911
011912
011913
011914
011915
011916
011917
011918
011919
011920
011921
011922
011923
011924
011925
011926
011927
011928
011929
011930
011931
011932
011933
011934
011935
011936
011937
011938
011939
011940
002440
002441
002442
002443
002444
002445
002446
002447
002448
002449
002450
002451
002452
002453
002454
002455
002456
002457
002458
015133
015134
015135
015136
015137
015138
015139
015140
015141
015142
015143
015144
015145
015146
015147
015148
015149
015150
015151
015152
015153
015154
015155
015156
015157
015158
015159
015160
015161
015162
015163
015164
015165
015166
015167
015168
015169
015170
015171
015172
010889
010890
010891
010892
010893
010894
010895
010896
010897
010898
010899
010900
010901
010902
010903
010904
010905
010906
010907
010908
010909
010910
010911
010912
010913
010914
010915
010916
010917
010918
010919
010920
010921
010922
010923
010924
010925
010926
010927
010928
003335
003336
003337
003338
003339
003340
003341
003342
003343
003344
003345
003346
003347
003348
003349
003350
003351
003352
003353
003354
003355
003356
003357
003358
003359
003360
003361
003362
003363
003364
003365
003366
003367
003368
003369
003370
003371
003372
003373
003374
013708
013709
013710
013711
013712
013713
013714
013715
013721
002301
002302
002303
002304
002305
002306
002307
002308
002309
002310
002311
002312
002313
002314
002315
002316
002317
002318
002319
002320
002321
002322
002323
002324
002325
002326
002327
002328
002329
002330
002331
002332
002333
002334
002335
002336
002337
002338
002339
002340
002936
002937
002938
002939
002940
002941
002942
002943
002944
002945
002946
002947
002948
002949
002950
002951
002952
002953
002954
002955
002956
002957
002958
002959
002960
002961
002962
002963
002964
002965
002966
002967
002968
002969
002970
002971
002972
002973
002974
002975
013236
013237
013238
013239
013240
013241
013242
013243
013244
013245
013246
013247
013248
013249
013250
013251
013252
013253
013254
013255
013256
013257
013258
013259
013260
013261
013262
013263
013264
013265
013266
013267
013268
013269
013270
013271
013272
013273
013274
013275
011699
011700
012795
012796
012797
012798
012799
012800
012801
012802
012803
012804
012805
012806
012807
012808
012809
012810
012811
012812
012813
012814
012815
012816
012817
012818
012819
012820
012821
012822
012823
012824
012825
012826
007654
008729
008730
008731
008732
008733
008734
008735
008736
008737
008738
008739
012183
012184
012185
012186
012187
012188
012189
012190
012191
012192
012193
012194
012195
012196
012197
012198
012199
012200
012201
012202
012203
012204
012205
012206
012207
012208
012209
012210
012211
012212
012213
012214
012215
012216
012217
012218
012219
012220
012221
012222
008130
008131
008132
008133
008134
008135
008136
008137
008138
008139
008140
008141
008142
008143
008144
008145
008146
008147
008148
008149
008150
008151
008152
008153
008154
008155
008156
008157
008158
008159
008160
008161
008162
008163
008164
008165
008166
008167
008168
008169
008170
012062
012063
012064
012065
012066
012067
012068
012069
012070
012071
012072
012073
012074
012075
012076
012077
012078
012079
012080
012081
012082
012083
012084
012085
012086
012087
012095
012096
012097
012098
012099
012100
012101
003933
003934
003943
003944
003945
003946
003947
003948
003949
003950
003951
003952
003953
003954
003955
003956
003957
003958
003959
003960
003961
003962
003963
003964
003965
003966
003967
003968
003969
003970
003971
003972
002896
002897
002898
002899
002900
002901
002902
002903
002904
002905
002906
002907
002908
002909
002910
002911
002912
002913
002914
002915
002916
002917
002918
002919
002925
002926
002927
002928
002929
002930
002931
002932
002933
002934
002935
003894
003895
003896
003908
003932
002061
002062
002063
002064
002065
002066
002067
002068
002069
002070
002071
002072
002073
002074
002075
002076
002077
002078
002079
002080
002081
002082
002089
002090
002091
002092
002093
002094
002095
002096
002097
002098
002099
002100
007586
007587
007588
007589
007590
007591
007592
007593
007594
007595
007596
007597
007598
007599
007600
007601
012423
012424
012425
012426
012427
012428
012429
012430
012431
012432
012433
012434
012435
012436
012437
012438
012439
012440
012441
012442
012443
012444
012445
012446
012447
012448
012449
012450
012451
012452
012453
012454
012455
012456
012457
012458
012459
012460
012461
012462
008983
011295
011296
011297
011298
011299
011300
011301
011302
011303
011304
011305
011306
011307
011308
011309
011310
011311
011312
011313
011314
011315
011316
011317
011318
011319
011320
011321
011322
011323
011324
011325
011326
011327
011328
011329
011330
011331
011332
011333
011334
011335
012303
012304
012305
012306
012307
012308
012309
012310
012311
012312
012313
012314
012315
012316
012317
012318
012319
012320
012321
012322
012323
012324
012325
012326
012327
012328
012329
012330
012331
012332
012333
012334
012335
012336
012337
012338
012339
012340
012341
012342
003297
003298
003299
003300
003301
003302
003303
003304
003305
003306
003307
003308
003309
003310
003311
003312
003313
003314
003315
003316
003317
003318
003319
003320
003321
003322
003323
003324
003325
003326
003327
003328
003329
003330
003331
003332
003333
003334
006308
006309
006310
006311
006312
006313
006314
006315
006316
006317
006318
006319
006320
006321
006322
006323
006324
006325
006326
006327
006328
006329
006330
006331
006332
006333
006334
006335
006336
006337
006338
006339
006340
006341
006342
006343
006344
006345
006346
006347
004290
004300
004301
004302
004303
004304
004305
004306
004307
004308
004309
004310
004311
004312
004313
004314
004315
004316
004317
003255
003256
003257
003258
003259
003260
003261
003262
003263
003264
003265
003266
003267
003268
003269
003270
003271
003272
003273
003274
003275
003276
003277
003278
003279
003283
003284
003285
003286
003292
003293
003294
011010
011011
011012
011013
011014
011015
011016
011017
011018
011019
011020
011021
011022
011023
011024
011025
011026
011027
011028
011029
011030
011031
011032
011033
011034
011035
011036
011037
011038
011039
011040
011041
011042
011043
011044
011045
011046
011047
011048
011049
011050
006430
006431
006432
006433
006434
006435
006436
006437
006438
006439
006440
006441
006442
006443
006444
006453
006454
006455
006456
006457
006458
006459
006460
006461
006462
006463
006464
006465
006466
006467
006468
006469
006470
004092
004093
004094
004095
004096
004097
004098
004099
004100
004101
004102
004103
004104
004105
004106
004107
004108
004109
004110
004111
004112
004113
004114
004115
004116
004117
004118
004119
004120
004121
004122
004123
004124
004125
004126
004127
004128
004129
004130
003695
003696
003722
003723
003724
003725
003726
002221
002222
002223
002224
002225
002226
002227
002228
002229
002230
002231
002232
002233
002234
002235
002236
002237
002238
002239
002240
002241
002242
002243
002244
002245
002246
002247
002248
002249
002250
002251
002252
002253
002254
002255
002256
002257
002258
002259
002260
011860
011861
011862
011863
011864
011865
011866
011867
011868
011869
011870
011871
011872
011873
011887
011888
011889
011890
011891
011892
011893
011894
011895
011896
011897
011898
011899
004131
004132
004142
004143
004151
004152
004153
004154
004155
004156
004157
004158
004159
004160
004161
004162
004163
004164
004165
004166
004167
004168
004169
012102
012103
012104
012105
012106
012107
012108
012109
012110
012111
012112
012113
012114
012115
012116
012117
012118
012119
012120
012121
012122
012123
012124
012125
012126
012127
012128
012129
012130
012131
012132
012133
012134
012135
012136
012137
012138
012139
012140
012141
012142
008545
014530
014531
014532
014533
014534
014535
014536
014537
014538
014539
014540
014541
014542
014543
014558
014559
014560
014561
014562
014563
014564
014565
014566
014567
013727
013728
013729
013730
013731
013732
013733
013734
013735
013736
013737
013738
013739
013740
013741
013742
013743
013744
013745
013746
013747
013748
013749
013750
013751
013752
013753
013754
013755
013756
013757
013758
015173
015174
015175
015176
015177
011659
011660
011661
011662
011663
011664
011665
011666
011667
011668
011669
011670
011671
011672
011673
011674
011675
011676
011677
011678
011679
011680
011681
011682
011683
011684
011685
011686
011687
011688
011689
011690
011691
011692
011693
011694
011695
011696
011697
011698
015097
015098
015099
015100
015101
015102
015103
015104
015105
015106
015107
015108
015109
015110
015111
015112
015113
015114
015115
015116
015117
015118
015119
015120
015121
015122
015123
015124
015125
015126
015127
015128
015129
015130
015131
015132
002572
002573
002574
002575
002576
002577
015494
015495
015496
015497
015498
015499
015500
015501
015515
015516
015517
015518
015519
015520
015521
015522
015523
015524
015525
015526
012223
012224
012225
012226
012227
012228
012229
012230
012231
012239
012240
012241
012242
012243
012244
012245
012246
012247
012248
012249
012250
012251
012252
012253
012254
012255
012256
012257
012258
012259
012260
012261
012262
006398
006399
006407
006408
006409
006410
006411
006412
006413
006414
006415
006416
006417
006418
006419
006420
006421
006422
006423
006424
006425
006426
006427
006428
006429
014694
014695
014696
014697
014698
014703
014704
014705
014706
014707
014708
014709
014710
014711
014712
014713
014714
014715
006471
006472
006473
006474
006475
006476
006477
006478
006479
006480
006481
006482
006483
006484
006485
006486
006487
006488
006489
006490
006491
006492
006493
006494
006495
006496
006497
006498
006499
006500
006501
006502
006503
006504
006505
006506
006507
006508
006509
006510
012951
012952
012953
012954
012955
012956
012957
012958
012966
012978
013276
013277
013278
013279
013280
013281
013282
013283
013284
013285
013286
013287
013288
013289
013290
013291
013292
013293
013294
013295
013296
013297
013298
013299
013300
013301
013302
013303
013304
013305
013306
013307
013308
013309
013310
013311
013312
013313
013314
013315
003830
003831
003832
003833
003834
003835
003836
003837
003838
003839
003840
003841
003842
003843
003844
003845
003846
003847
003848
003849
003850
003851
003852
003853
002459
002460
002461
002462
002463
002464
002465
002466
002467
002468
002469
002470
002471
002472
002473
002474
002475
002476
002477
006511
006512
006513
006514
006515
006516
006517
006518
006519
006520
006521
006522
006523
006524
006525
006526
006527
006528
015539
015540
015541
015542
015543
015544
015545
015546
015547
015548
015549
015550
015551
015552
015553
015554
015555
015556
015557
015558
015559
015560
015561
015562
015563
015564
008290
008291
008292
007886
007887
007888
007889
007890
007891
007892
007893
007894
007895
007896
005949
005950
005951
005977
005978
005979
005980
005981
005982
005983
005984
003973
003974
003975
003976
003977
003978
003979
003980
003981
003982
003983
003984
003985
003991
003992
003993
003994
003995
003996
003997
003998
003999
004000
004001
004002
004003
004004
004005
004006
004007
004008
004009
004010
004011
006228
006229
006230
006231
006232
006233
006234
006235
006236
006237
006238
006239
006240
006241
006242
006243
006244
006245
006246
006247
006248
006249
006250
006251
006252
006253
006254
006255
006256
006257
006258
006259
006260
006261
006262
006263
006264
006265
006266
006267
013599
012143
012144
012145
012146
012147
012148
012149
012150
012151
012152
012153
012154
012155
012156
012157
012158
012159
012160
012161
012162
012163
012164
012165
012166
012167
012168
012169
012170
012171
012172
012173
012174
012175
012176
012177
012178
012179
012180
012181
012182
004489
004490
004491
004492
004493
004494
004495
004496
004497
004498
004499
004500
004501
004502
004503
004504
004505
004506
004507
004508
004509
004510
004511
004512
004513
004514
004515
004516
004517
004518
004519
004520
004521
004522
004523
004524
004525
004526
004527
004528
006552
006553
006554
006555
006556
006557
006558
006569
006578
006579
006580
006581
006582
006583
006584
006585
006586
006587
006588
006589
006590
006591
013140
013141
013142
013143
013144
013145
013146
013147
013148
013149
013150
013151
013152
013153
012827
012828
012829
012830
012831
012832
012833
012834
012835
012836
012837
012838
012839
012840
012841
012842
012843
012844
012845
012846
012847
012848
012849
012850
012851
012852
012853
012854
011409
011410
011411
011412
011413
011414
011415
011416
002578
002579
002580
002581
002582
002583
002584
002585
002586
002587
002588
002589
002590
002591
002592
002593
002594
002595
002596
002597
002598
002599
002600
002601
002602
002603
002604
002605
002606
002607
002777
002778
002779
002780
002781
002782
002783
002784
002785
002786
002787
002788
002789
002790
002791
002792
002793
002803
002804
002805
002806
002807
002808
002809
002810
002811
013397
007283
007284
007285
007286
007287
007288
007289
007290
007291
007292
007293
007294
007295
007296
007297
007298
007299
010817
010818
010819
010820
010821
010822
010823
010824
010825
010826
010827
010828
010829
010830
010831
010832
010833
010834
010835
010836
010837
010838
010839
010840
010841
010842
010843
010844
010845
010846
010847
002738
002739
002740
002741
002742
002743
002744
002745
002746
002747
002748
002749
002750
002751
002752
002753
002754
002755
002756
002757
002758
002759
002760
002761
002762
002763
002764
002765
002766
002767
002768
002769
002770
002771
002772
002773
002774
002775
002776
011819
013112
002341
002342
002343
002344
002345
002346
002347
002348
002349
002350
002351
002358
002359
002360
002361
002362
002363
002364
002365
002366
002367
002368
002369
002370
002371
002372
002373
002374
002375
002376
002377
002378
002379
012946
012947
012948
013426
013427
013428
013429
013430
013431
013432
013433
013434
013435
013436
013437
008354
008362
008363
008364
008365
008366
008367
004012
004013
004014
004015
004016
004017
004018
004019
004020
004021
004022
004023
004024
004025
004026
004027
004028
004029
004030
004031
004032
004033
004034
004035
004036
004037
004038
004039
004040
004041
004042
004043
004044
004045
004046
004047
004048
004049
004050
004051
003854
003855
003856
003857
003858
003859
003860
003861
003862
003863
003864
003865
003866
003867
003868
003869
003870
003871
003872
003873
003874
003875
003876
003877
003878
003879
003880
003881
003882
003883
003884
003885
003886
003887
003888
003889
003890
003891
003892